Node1,Node2,Weight
1,6931,1
1,71,-1
1,70,-1
1,2,-1
2,6932,1
2,72,-1
2,3,-1
3,6933,1
3,73,1
3,4,1
4,6934,1
4,74,-1
4,5,-1
5,6935,1
5,75,-1
5,6,1
6,6936,1
6,76,-1
6,7,-1
7,6937,1
7,77,1
7,8,-1
8,6938,-1
8,78,-1
8,9,1
9,6939,-1
9,79,1
9,10,-1
10,6940,-1
10,80,1
10,11,-1
11,6941,1
11,81,-1
11,12,-1
12,6942,-1
12,82,-1
12,13,-1
13,6943,1
13,83,-1
13,14,1
14,6944,-1
14,84,-1
14,15,1
15,6945,-1
15,85,1
15,16,-1
16,6946,-1
16,86,1
16,17,-1
17,6947,-1
17,87,1
17,18,-1
18,6948,-1
18,88,-1
18,19,-1
19,6949,-1
19,89,-1
19,20,1
20,6950,1
20,90,1
20,21,1
21,6951,-1
21,91,1
21,22,1
22,6952,1
22,92,1
22,23,1
23,6953,-1
23,93,-1
23,24,1
24,6954,1
24,94,-1
24,25,1
25,6955,1
25,95,1
25,26,1
26,6956,-1
26,96,1
26,27,-1
27,6957,1
27,97,-1
27,28,1
28,6958,1
28,98,-1
28,29,1
29,6959,-1
29,99,-1
29,30,-1
30,6960,-1
30,100,-1
30,31,1
31,6961,-1
31,101,1
31,32,1
32,6962,-1
32,102,1
32,33,1
33,6963,1
33,103,-1
33,34,-1
34,6964,-1
34,104,1
34,35,-1
35,6965,-1
35,105,-1
35,36,-1
36,6966,1
36,106,-1
36,37,-1
37,6967,-1
37,107,-1
37,38,1
38,6968,1
38,108,-1
38,39,1
39,6969,1
39,109,-1
39,40,1
40,6970,1
40,110,-1
40,41,-1
41,6971,1
41,111,1
41,42,1
42,6972,1
42,112,-1
42,43,-1
43,6973,1
43,113,1
43,44,1
44,6974,1
44,114,1
44,45,1
45,6975,-1
45,115,-1
45,46,1
46,6976,-1
46,116,1
46,47,-1
47,6977,-1
47,117,-1
47,48,-1
48,6978,-1
48,118,1
48,49,1
49,6979,-1
49,119,1
49,50,1
50,6980,-1
50,120,1
50,51,-1
51,6981,-1
51,121,-1
51,52,-1
52,6982,-1
52,122,1
52,53,-1
53,6983,-1
53,123,1
53,54,1
54,6984,1
54,124,-1
54,55,-1
55,6985,1
55,125,-1
55,56,-1
56,6986,-1
56,126,1
56,57,-1
57,6987,-1
57,127,1
57,58,-1
58,6988,1
58,128,-1
58,59,-1
59,6989,1
59,129,-1
59,60,1
60,6990,-1
60,130,-1
60,61,-1
61,6991,-1
61,131,1
61,62,-1
62,6992,-1
62,132,-1
62,63,1
63,6993,1
63,133,-1
63,64,-1
64,6994,1
64,134,-1
64,65,-1
65,6995,1
65,135,-1
65,66,-1
66,6996,-1
66,136,1
66,67,-1
67,6997,1
67,137,1
67,68,-1
68,6998,1
68,138,1
68,69,-1
69,6999,-1
69,139,-1
69,70,1
70,7000,1
70,140,1
71,141,-1
71,140,-1
71,72,-1
72,142,-1
72,73,-1
73,143,-1
73,74,1
74,144,1
74,75,-1
75,145,-1
75,76,1
76,146,1
76,77,1
77,147,1
77,78,1
78,148,-1
78,79,-1
79,149,1
79,80,1
80,150,1
80,81,-1
81,151,1
81,82,-1
82,152,1
82,83,-1
83,153,-1
83,84,-1
84,154,-1
84,85,1
85,155,-1
85,86,1
86,156,1
86,87,1
87,157,-1
87,88,1
88,158,1
88,89,-1
89,159,1
89,90,1
90,160,1
90,91,-1
91,161,-1
91,92,1
92,162,1
92,93,1
93,163,1
93,94,1
94,164,1
94,95,-1
95,165,-1
95,96,-1
96,166,1
96,97,1
97,167,-1
97,98,1
98,168,-1
98,99,-1
99,169,-1
99,100,1
100,170,-1
100,101,-1
101,171,1
101,102,-1
102,172,1
102,103,-1
103,173,1
103,104,1
104,174,1
104,105,-1
105,175,1
105,106,1
106,176,-1
106,107,-1
107,177,1
107,108,1
108,178,-1
108,109,1
109,179,1
109,110,-1
110,180,1
110,111,1
111,181,1
111,112,1
112,182,1
112,113,-1
113,183,1
113,114,1
114,184,1
114,115,-1
115,185,-1
115,116,-1
116,186,-1
116,117,1
117,187,-1
117,118,1
118,188,-1
118,119,1
119,189,-1
119,120,-1
120,190,-1
120,121,-1
121,191,1
121,122,1
122,192,1
122,123,1
123,193,1
123,124,1
124,194,-1
124,125,-1
125,195,-1
125,126,-1
126,196,-1
126,127,-1
127,197,1
127,128,1
128,198,-1
128,129,-1
129,199,1
129,130,-1
130,200,1
130,131,1
131,201,1
131,132,1
132,202,-1
132,133,1
133,203,1
133,134,-1
134,204,-1
134,135,-1
135,205,-1
135,136,-1
136,206,-1
136,137,1
137,207,1
137,138,-1
138,208,1
138,139,1
139,209,-1
139,140,-1
140,210,1
141,211,1
141,210,-1
141,142,-1
142,212,1
142,143,-1
143,213,-1
143,144,-1
144,214,-1
144,145,-1
145,215,-1
145,146,-1
146,216,-1
146,147,1
147,217,1
147,148,-1
148,218,1
148,149,-1
149,219,1
149,150,1
150,220,-1
150,151,-1
151,221,1
151,152,1
152,222,1
152,153,-1
153,223,1
153,154,1
154,224,1
154,155,-1
155,225,-1
155,156,-1
156,226,1
156,157,-1
157,227,1
157,158,-1
158,228,1
158,159,1
159,229,-1
159,160,-1
160,230,1
160,161,-1
161,231,1
161,162,1
162,232,-1
162,163,-1
163,233,-1
163,164,-1
164,234,-1
164,165,-1
165,235,1
165,166,1
166,236,1
166,167,1
167,237,1
167,168,1
168,238,-1
168,169,1
169,239,-1
169,170,1
170,240,-1
170,171,-1
171,241,1
171,172,-1
172,242,-1
172,173,1
173,243,1
173,174,1
174,244,-1
174,175,-1
175,245,-1
175,176,-1
176,246,1
176,177,1
177,247,1
177,178,-1
178,248,-1
178,179,1
179,249,1
179,180,-1
180,250,1
180,181,1
181,251,-1
181,182,-1
182,252,-1
182,183,-1
183,253,1
183,184,-1
184,254,-1
184,185,1
185,255,-1
185,186,-1
186,256,-1
186,187,1
187,257,-1
187,188,-1
188,258,-1
188,189,-1
189,259,1
189,190,1
190,260,-1
190,191,-1
191,261,1
191,192,1
192,262,-1
192,193,1
193,263,1
193,194,1
194,264,-1
194,195,-1
195,265,1
195,196,1
196,266,1
196,197,1
197,267,-1
197,198,1
198,268,1
198,199,1
199,269,-1
199,200,1
200,270,-1
200,201,1
201,271,-1
201,202,1
202,272,-1
202,203,-1
203,273,1
203,204,1
204,274,-1
204,205,-1
205,275,-1
205,206,-1
206,276,1
206,207,1
207,277,-1
207,208,1
208,278,-1
208,209,1
209,279,1
209,210,1
210,280,1
211,281,-1
211,280,-1
211,212,1
212,282,1
212,213,-1
213,283,-1
213,214,-1
214,284,1
214,215,1
215,285,1
215,216,-1
216,286,1
216,217,1
217,287,-1
217,218,1
218,288,-1
218,219,-1
219,289,-1
219,220,-1
220,290,-1
220,221,-1
221,291,1
221,222,1
222,292,-1
222,223,-1
223,293,-1
223,224,-1
224,294,1
224,225,-1
225,295,-1
225,226,-1
226,296,-1
226,227,1
227,297,1
227,228,-1
228,298,1
228,229,-1
229,299,1
229,230,1
230,300,-1
230,231,1
231,301,1
231,232,-1
232,302,1
232,233,1
233,303,-1
233,234,1
234,304,-1
234,235,1
235,305,1
235,236,1
236,306,-1
236,237,-1
237,307,1
237,238,1
238,308,1
238,239,1
239,309,-1
239,240,-1
240,310,1
240,241,-1
241,311,1
241,242,-1
242,312,1
242,243,-1
243,313,1
243,244,-1
244,314,1
244,245,1
245,315,1
245,246,1
246,316,-1
246,247,1
247,317,1
247,248,-1
248,318,1
248,249,-1
249,319,-1
249,250,-1
250,320,1
250,251,1
251,321,1
251,252,1
252,322,1
252,253,-1
253,323,1
253,254,1
254,324,-1
254,255,1
255,325,1
255,256,1
256,326,-1
256,257,1
257,327,-1
257,258,1
258,328,-1
258,259,1
259,329,1
259,260,-1
260,330,1
260,261,1
261,331,1
261,262,-1
262,332,1
262,263,1
263,333,1
263,264,-1
264,334,1
264,265,-1
265,335,1
265,266,1
266,336,1
266,267,-1
267,337,1
267,268,1
268,338,-1
268,269,1
269,339,1
269,270,1
270,340,-1
270,271,-1
271,341,-1
271,272,1
272,342,1
272,273,1
273,343,1
273,274,-1
274,344,1
274,275,-1
275,345,1
275,276,1
276,346,-1
276,277,-1
277,347,-1
277,278,1
278,348,1
278,279,-1
279,349,-1
279,280,-1
280,350,-1
281,351,-1
281,350,1
281,282,-1
282,352,-1
282,283,1
283,353,-1
283,284,-1
284,354,-1
284,285,-1
285,355,-1
285,286,-1
286,356,-1
286,287,1
287,357,1
287,288,-1
288,358,-1
288,289,-1
289,359,-1
289,290,-1
290,360,-1
290,291,1
291,361,1
291,292,1
292,362,-1
292,293,1
293,363,-1
293,294,-1
294,364,1
294,295,-1
295,365,-1
295,296,-1
296,366,-1
296,297,1
297,367,-1
297,298,1
298,368,1
298,299,1
299,369,1
299,300,-1
300,370,-1
300,301,-1
301,371,-1
301,302,1
302,372,1
302,303,1
303,373,-1
303,304,1
304,374,1
304,305,-1
305,375,-1
305,306,1
306,376,-1
306,307,-1
307,377,1
307,308,-1
308,378,1
308,309,-1
309,379,1
309,310,1
310,380,1
310,311,1
311,381,-1
311,312,1
312,382,1
312,313,1
313,383,-1
313,314,-1
314,384,1
314,315,-1
315,385,1
315,316,1
316,386,1
316,317,-1
317,387,1
317,318,-1
318,388,-1
318,319,-1
319,389,1
319,320,-1
320,390,1
320,321,1
321,391,1
321,322,1
322,392,-1
322,323,1
323,393,1
323,324,-1
324,394,-1
324,325,1
325,395,1
325,326,-1
326,396,-1
326,327,1
327,397,1
327,328,-1
328,398,1
328,329,1
329,399,-1
329,330,1
330,400,-1
330,331,1
331,401,-1
331,332,-1
332,402,-1
332,333,-1
333,403,-1
333,334,1
334,404,-1
334,335,1
335,405,1
335,336,-1
336,406,1
336,337,1
337,407,-1
337,338,1
338,408,1
338,339,-1
339,409,1
339,340,-1
340,410,1
340,341,1
341,411,1
341,342,-1
342,412,1
342,343,1
343,413,1
343,344,1
344,414,-1
344,345,-1
345,415,1
345,346,1
346,416,-1
346,347,-1
347,417,1
347,348,1
348,418,1
348,349,-1
349,419,1
349,350,-1
350,420,-1
351,421,1
351,420,1
351,352,-1
352,422,-1
352,353,1
353,423,1
353,354,-1
354,424,-1
354,355,-1
355,425,-1
355,356,1
356,426,1
356,357,1
357,427,1
357,358,-1
358,428,1
358,359,1
359,429,-1
359,360,1
360,430,-1
360,361,-1
361,431,-1
361,362,1
362,432,1
362,363,-1
363,433,1
363,364,-1
364,434,1
364,365,-1
365,435,1
365,366,-1
366,436,1
366,367,1
367,437,-1
367,368,-1
368,438,-1
368,369,1
369,439,-1
369,370,-1
370,440,-1
370,371,1
371,441,-1
371,372,1
372,442,-1
372,373,-1
373,443,1
373,374,1
374,444,-1
374,375,1
375,445,1
375,376,1
376,446,-1
376,377,-1
377,447,-1
377,378,-1
378,448,-1
378,379,-1
379,449,1
379,380,1
380,450,1
380,381,1
381,451,-1
381,382,-1
382,452,-1
382,383,-1
383,453,1
383,384,-1
384,454,1
384,385,1
385,455,-1
385,386,1
386,456,-1
386,387,1
387,457,1
387,388,1
388,458,1
388,389,1
389,459,1
389,390,-1
390,460,1
390,391,1
391,461,1
391,392,1
392,462,-1
392,393,-1
393,463,-1
393,394,-1
394,464,-1
394,395,-1
395,465,-1
395,396,1
396,466,-1
396,397,-1
397,467,-1
397,398,-1
398,468,1
398,399,1
399,469,-1
399,400,1
400,470,1
400,401,1
401,471,-1
401,402,1
402,472,1
402,403,-1
403,473,1
403,404,-1
404,474,-1
404,405,1
405,475,1
405,406,1
406,476,-1
406,407,-1
407,477,1
407,408,-1
408,478,1
408,409,-1
409,479,-1
409,410,-1
410,480,1
410,411,-1
411,481,-1
411,412,-1
412,482,1
412,413,-1
413,483,1
413,414,1
414,484,1
414,415,1
415,485,1
415,416,1
416,486,-1
416,417,-1
417,487,1
417,418,1
418,488,-1
418,419,1
419,489,-1
419,420,1
420,490,-1
421,491,-1
421,490,-1
421,422,-1
422,492,1
422,423,1
423,493,-1
423,424,1
424,494,-1
424,425,-1
425,495,-1
425,426,1
426,496,-1
426,427,-1
427,497,-1
427,428,-1
428,498,1
428,429,1
429,499,1
429,430,-1
430,500,1
430,431,-1
431,501,1
431,432,1
432,502,-1
432,433,-1
433,503,1
433,434,-1
434,504,-1
434,435,1
435,505,-1
435,436,1
436,506,1
436,437,1
437,507,-1
437,438,-1
438,508,-1
438,439,-1
439,509,-1
439,440,1
440,510,-1
440,441,1
441,511,1
441,442,1
442,512,1
442,443,1
443,513,-1
443,444,1
444,514,-1
444,445,1
445,515,-1
445,446,-1
446,516,-1
446,447,-1
447,517,-1
447,448,-1
448,518,1
448,449,1
449,519,-1
449,450,1
450,520,-1
450,451,-1
451,521,-1
451,452,-1
452,522,-1
452,453,-1
453,523,-1
453,454,-1
454,524,-1
454,455,-1
455,525,1
455,456,1
456,526,-1
456,457,-1
457,527,1
457,458,-1
458,528,1
458,459,-1
459,529,1
459,460,-1
460,530,-1
460,461,1
461,531,1
461,462,-1
462,532,1
462,463,-1
463,533,1
463,464,-1
464,534,1
464,465,-1
465,535,1
465,466,1
466,536,-1
466,467,1
467,537,-1
467,468,1
468,538,1
468,469,1
469,539,1
469,470,1
470,540,1
470,471,-1
471,541,-1
471,472,1
472,542,-1
472,473,-1
473,543,1
473,474,-1
474,544,-1
474,475,-1
475,545,-1
475,476,1
476,546,-1
476,477,-1
477,547,1
477,478,1
478,548,-1
478,479,1
479,549,1
479,480,1
480,550,-1
480,481,-1
481,551,-1
481,482,-1
482,552,-1
482,483,-1
483,553,1
483,484,1
484,554,1
484,485,-1
485,555,1
485,486,-1
486,556,-1
486,487,-1
487,557,-1
487,488,-1
488,558,-1
488,489,-1
489,559,1
489,490,1
490,560,-1
491,561,-1
491,560,1
491,492,-1
492,562,1
492,493,-1
493,563,1
493,494,-1
494,564,1
494,495,1
495,565,1
495,496,1
496,566,-1
496,497,-1
497,567,1
497,498,-1
498,568,-1
498,499,-1
499,569,1
499,500,-1
500,570,1
500,501,1
501,571,1
501,502,-1
502,572,-1
502,503,1
503,573,1
503,504,1
504,574,1
504,505,1
505,575,-1
505,506,-1
506,576,-1
506,507,1
507,577,-1
507,508,-1
508,578,1
508,509,1
509,579,-1
509,510,1
510,580,-1
510,511,-1
511,581,-1
511,512,-1
512,582,1
512,513,-1
513,583,1
513,514,-1
514,584,-1
514,515,1
515,585,-1
515,516,-1
516,586,-1
516,517,1
517,587,1
517,518,-1
518,588,1
518,519,-1
519,589,1
519,520,-1
520,590,-1
520,521,-1
521,591,-1
521,522,1
522,592,1
522,523,1
523,593,-1
523,524,1
524,594,-1
524,525,1
525,595,-1
525,526,1
526,596,1
526,527,-1
527,597,-1
527,528,-1
528,598,-1
528,529,-1
529,599,-1
529,530,-1
530,600,1
530,531,1
531,601,1
531,532,1
532,602,-1
532,533,1
533,603,-1
533,534,-1
534,604,-1
534,535,-1
535,605,1
535,536,1
536,606,-1
536,537,-1
537,607,-1
537,538,1
538,608,1
538,539,1
539,609,-1
539,540,1
540,610,1
540,541,1
541,611,-1
541,542,-1
542,612,-1
542,543,1
543,613,1
543,544,-1
544,614,-1
544,545,-1
545,615,1
545,546,-1
546,616,1
546,547,-1
547,617,1
547,548,1
548,618,-1
548,549,-1
549,619,-1
549,550,1
550,620,-1
550,551,1
551,621,-1
551,552,-1
552,622,1
552,553,1
553,623,1
553,554,1
554,624,1
554,555,1
555,625,1
555,556,-1
556,626,1
556,557,1
557,627,1
557,558,1
558,628,1
558,559,1
559,629,1
559,560,1
560,630,-1
561,631,-1
561,630,1
561,562,-1
562,632,1
562,563,1
563,633,1
563,564,-1
564,634,-1
564,565,1
565,635,-1
565,566,-1
566,636,1
566,567,1
567,637,1
567,568,-1
568,638,1
568,569,1
569,639,1
569,570,-1
570,640,1
570,571,1
571,641,1
571,572,1
572,642,1
572,573,-1
573,643,-1
573,574,1
574,644,-1
574,575,-1
575,645,-1
575,576,-1
576,646,1
576,577,1
577,647,-1
577,578,1
578,648,1
578,579,-1
579,649,-1
579,580,1
580,650,-1
580,581,-1
581,651,1
581,582,1
582,652,-1
582,583,-1
583,653,1
583,584,1
584,654,1
584,585,1
585,655,-1
585,586,-1
586,656,-1
586,587,1
587,657,1
587,588,-1
588,658,1
588,589,1
589,659,1
589,590,1
590,660,-1
590,591,-1
591,661,-1
591,592,-1
592,662,1
592,593,1
593,663,-1
593,594,-1
594,664,1
594,595,1
595,665,1
595,596,-1
596,666,-1
596,597,-1
597,667,1
597,598,-1
598,668,-1
598,599,-1
599,669,-1
599,600,-1
600,670,-1
600,601,-1
601,671,-1
601,602,1
602,672,-1
602,603,-1
603,673,1
603,604,-1
604,674,-1
604,605,-1
605,675,-1
605,606,1
606,676,-1
606,607,-1
607,677,-1
607,608,-1
608,678,1
608,609,-1
609,679,-1
609,610,1
610,680,1
610,611,1
611,681,1
611,612,1
612,682,-1
612,613,-1
613,683,1
613,614,1
614,684,-1
614,615,-1
615,685,1
615,616,1
616,686,1
616,617,-1
617,687,1
617,618,-1
618,688,-1
618,619,-1
619,689,1
619,620,-1
620,690,1
620,621,1
621,691,1
621,622,1
622,692,1
622,623,-1
623,693,-1
623,624,-1
624,694,1
624,625,-1
625,695,-1
625,626,-1
626,696,1
626,627,1
627,697,-1
627,628,1
628,698,-1
628,629,1
629,699,-1
629,630,-1
630,700,-1
631,701,-1
631,700,1
631,632,1
632,702,-1
632,633,-1
633,703,1
633,634,-1
634,704,1
634,635,1
635,705,-1
635,636,-1
636,706,1
636,637,-1
637,707,-1
637,638,-1
638,708,1
638,639,1
639,709,-1
639,640,1
640,710,-1
640,641,1
641,711,1
641,642,-1
642,712,-1
642,643,1
643,713,1
643,644,1
644,714,-1
644,645,-1
645,715,-1
645,646,-1
646,716,1
646,647,1
647,717,-1
647,648,1
648,718,1
648,649,-1
649,719,1
649,650,1
650,720,-1
650,651,-1
651,721,1
651,652,1
652,722,-1
652,653,1
653,723,-1
653,654,1
654,724,-1
654,655,1
655,725,-1
655,656,-1
656,726,-1
656,657,1
657,727,1
657,658,1
658,728,1
658,659,1
659,729,-1
659,660,1
660,730,-1
660,661,1
661,731,-1
661,662,-1
662,732,1
662,663,1
663,733,1
663,664,-1
664,734,1
664,665,1
665,735,-1
665,666,-1
666,736,1
666,667,1
667,737,1
667,668,-1
668,738,1
668,669,1
669,739,1
669,670,1
670,740,1
670,671,-1
671,741,1
671,672,1
672,742,-1
672,673,-1
673,743,-1
673,674,1
674,744,-1
674,675,1
675,745,1
675,676,1
676,746,1
676,677,1
677,747,-1
677,678,1
678,748,-1
678,679,1
679,749,-1
679,680,-1
680,750,1
680,681,-1
681,751,1
681,682,-1
682,752,-1
682,683,1
683,753,1
683,684,-1
684,754,-1
684,685,1
685,755,-1
685,686,1
686,756,1
686,687,1
687,757,-1
687,688,1
688,758,-1
688,689,1
689,759,-1
689,690,-1
690,760,-1
690,691,1
691,761,1
691,692,1
692,762,-1
692,693,-1
693,763,-1
693,694,-1
694,764,1
694,695,1
695,765,1
695,696,-1
696,766,1
696,697,-1
697,767,1
697,698,-1
698,768,-1
698,699,1
699,769,1
699,700,1
700,770,1
701,771,1
701,770,-1
701,702,1
702,772,1
702,703,-1
703,773,1
703,704,-1
704,774,1
704,705,-1
705,775,-1
705,706,1
706,776,-1
706,707,-1
707,777,1
707,708,1
708,778,-1
708,709,1
709,779,1
709,710,-1
710,780,1
710,711,-1
711,781,1
711,712,1
712,782,-1
712,713,1
713,783,1
713,714,-1
714,784,1
714,715,1
715,785,-1
715,716,-1
716,786,-1
716,717,1
717,787,-1
717,718,-1
718,788,1
718,719,1
719,789,1
719,720,-1
720,790,-1
720,721,-1
721,791,1
721,722,-1
722,792,-1
722,723,1
723,793,1
723,724,1
724,794,1
724,725,1
725,795,-1
725,726,1
726,796,-1
726,727,1
727,797,1
727,728,-1
728,798,1
728,729,1
729,799,-1
729,730,-1
730,800,-1
730,731,-1
731,801,-1
731,732,-1
732,802,-1
732,733,-1
733,803,1
733,734,1
734,804,1
734,735,-1
735,805,1
735,736,1
736,806,1
736,737,1
737,807,-1
737,738,1
738,808,-1
738,739,1
739,809,-1
739,740,-1
740,810,1
740,741,1
741,811,-1
741,742,1
742,812,1
742,743,-1
743,813,-1
743,744,-1
744,814,1
744,745,-1
745,815,1
745,746,-1
746,816,1
746,747,1
747,817,-1
747,748,1
748,818,-1
748,749,-1
749,819,-1
749,750,-1
750,820,-1
750,751,-1
751,821,1
751,752,-1
752,822,-1
752,753,-1
753,823,-1
753,754,-1
754,824,-1
754,755,-1
755,825,-1
755,756,-1
756,826,-1
756,757,-1
757,827,1
757,758,1
758,828,-1
758,759,-1
759,829,-1
759,760,1
760,830,-1
760,761,1
761,831,-1
761,762,-1
762,832,1
762,763,1
763,833,-1
763,764,1
764,834,1
764,765,-1
765,835,-1
765,766,-1
766,836,-1
766,767,-1
767,837,1
767,768,-1
768,838,1
768,769,1
769,839,1
769,770,-1
770,840,-1
771,841,-1
771,840,1
771,772,-1
772,842,-1
772,773,1
773,843,-1
773,774,1
774,844,1
774,775,-1
775,845,1
775,776,-1
776,846,-1
776,777,-1
777,847,1
777,778,-1
778,848,1
778,779,-1
779,849,1
779,780,1
780,850,-1
780,781,1
781,851,-1
781,782,1
782,852,-1
782,783,-1
783,853,1
783,784,1
784,854,-1
784,785,-1
785,855,-1
785,786,-1
786,856,-1
786,787,-1
787,857,-1
787,788,-1
788,858,-1
788,789,-1
789,859,1
789,790,-1
790,860,-1
790,791,1
791,861,1
791,792,-1
792,862,-1
792,793,1
793,863,1
793,794,-1
794,864,-1
794,795,1
795,865,-1
795,796,1
796,866,-1
796,797,1
797,867,1
797,798,-1
798,868,1
798,799,-1
799,869,-1
799,800,1
800,870,-1
800,801,-1
801,871,1
801,802,1
802,872,1
802,803,1
803,873,-1
803,804,1
804,874,-1
804,805,1
805,875,1
805,806,-1
806,876,-1
806,807,-1
807,877,-1
807,808,-1
808,878,1
808,809,-1
809,879,1
809,810,-1
810,880,1
810,811,1
811,881,-1
811,812,1
812,882,1
812,813,-1
813,883,-1
813,814,-1
814,884,1
814,815,-1
815,885,-1
815,816,1
816,886,-1
816,817,-1
817,887,1
817,818,-1
818,888,-1
818,819,-1
819,889,-1
819,820,-1
820,890,1
820,821,-1
821,891,-1
821,822,1
822,892,-1
822,823,-1
823,893,1
823,824,-1
824,894,-1
824,825,-1
825,895,-1
825,826,1
826,896,1
826,827,1
827,897,-1
827,828,-1
828,898,1
828,829,1
829,899,-1
829,830,-1
830,900,1
830,831,1
831,901,-1
831,832,-1
832,902,-1
832,833,1
833,903,-1
833,834,1
834,904,1
834,835,-1
835,905,-1
835,836,-1
836,906,1
836,837,1
837,907,-1
837,838,-1
838,908,1
838,839,1
839,909,1
839,840,-1
840,910,1
841,911,-1
841,910,1
841,842,1
842,912,-1
842,843,1
843,913,1
843,844,-1
844,914,1
844,845,-1
845,915,-1
845,846,-1
846,916,-1
846,847,1
847,917,1
847,848,1
848,918,1
848,849,-1
849,919,-1
849,850,1
850,920,-1
850,851,1
851,921,1
851,852,1
852,922,1
852,853,1
853,923,1
853,854,-1
854,924,1
854,855,1
855,925,-1
855,856,-1
856,926,1
856,857,-1
857,927,-1
857,858,-1
858,928,-1
858,859,1
859,929,1
859,860,-1
860,930,1
860,861,-1
861,931,1
861,862,1
862,932,-1
862,863,-1
863,933,1
863,864,1
864,934,1
864,865,1
865,935,-1
865,866,1
866,936,-1
866,867,1
867,937,-1
867,868,1
868,938,-1
868,869,-1
869,939,-1
869,870,1
870,940,1
870,871,1
871,941,1
871,872,-1
872,942,-1
872,873,-1
873,943,-1
873,874,-1
874,944,1
874,875,1
875,945,-1
875,876,-1
876,946,-1
876,877,1
877,947,-1
877,878,1
878,948,-1
878,879,1
879,949,1
879,880,-1
880,950,-1
880,881,-1
881,951,1
881,882,-1
882,952,1
882,883,1
883,953,-1
883,884,-1
884,954,1
884,885,-1
885,955,-1
885,886,-1
886,956,-1
886,887,-1
887,957,1
887,888,1
888,958,-1
888,889,1
889,959,1
889,890,1
890,960,1
890,891,-1
891,961,-1
891,892,1
892,962,1
892,893,1
893,963,1
893,894,1
894,964,-1
894,895,1
895,965,-1
895,896,1
896,966,1
896,897,-1
897,967,-1
897,898,-1
898,968,1
898,899,1
899,969,1
899,900,-1
900,970,1
900,901,-1
901,971,1
901,902,1
902,972,-1
902,903,-1
903,973,-1
903,904,-1
904,974,-1
904,905,1
905,975,1
905,906,-1
906,976,1
906,907,1
907,977,1
907,908,-1
908,978,1
908,909,1
909,979,1
909,910,-1
910,980,1
911,981,-1
911,980,1
911,912,-1
912,982,1
912,913,-1
913,983,1
913,914,-1
914,984,1
914,915,-1
915,985,-1
915,916,-1
916,986,1
916,917,1
917,987,-1
917,918,-1
918,988,-1
918,919,-1
919,989,1
919,920,-1
920,990,1
920,921,-1
921,991,1
921,922,1
922,992,-1
922,923,-1
923,993,1
923,924,1
924,994,1
924,925,-1
925,995,1
925,926,-1
926,996,1
926,927,1
927,997,1
927,928,-1
928,998,1
928,929,1
929,999,-1
929,930,-1
930,1000,-1
930,931,1
931,1001,1
931,932,1
932,1002,1
932,933,-1
933,1003,-1
933,934,1
934,1004,1
934,935,-1
935,1005,-1
935,936,1
936,1006,-1
936,937,-1
937,1007,-1
937,938,-1
938,1008,1
938,939,-1
939,1009,-1
939,940,1
940,1010,1
940,941,-1
941,1011,1
941,942,-1
942,1012,-1
942,943,1
943,1013,1
943,944,1
944,1014,-1
944,945,1
945,1015,-1
945,946,-1
946,1016,-1
946,947,1
947,1017,-1
947,948,-1
948,1018,1
948,949,1
949,1019,-1
949,950,1
950,1020,1
950,951,1
951,1021,-1
951,952,-1
952,1022,1
952,953,1
953,1023,1
953,954,1
954,1024,-1
954,955,1
955,1025,1
955,956,1
956,1026,-1
956,957,-1
957,1027,-1
957,958,-1
958,1028,1
958,959,-1
959,1029,1
959,960,-1
960,1030,1
960,961,-1
961,1031,1
961,962,-1
962,1032,-1
962,963,1
963,1033,-1
963,964,1
964,1034,1
964,965,1
965,1035,-1
965,966,-1
966,1036,1
966,967,1
967,1037,1
967,968,-1
968,1038,1
968,969,-1
969,1039,-1
969,970,-1
970,1040,-1
970,971,1
971,1041,-1
971,972,1
972,1042,1
972,973,-1
973,1043,-1
973,974,1
974,1044,-1
974,975,1
975,1045,1
975,976,1
976,1046,1
976,977,1
977,1047,-1
977,978,1
978,1048,1
978,979,1
979,1049,-1
979,980,1
980,1050,1
981,1051,1
981,1050,-1
981,982,-1
982,1052,1
982,983,1
983,1053,1
983,984,1
984,1054,1
984,985,-1
985,1055,1
985,986,1
986,1056,-1
986,987,-1
987,1057,1
987,988,-1
988,1058,-1
988,989,1
989,1059,-1
989,990,-1
990,1060,1
990,991,1
991,1061,1
991,992,-1
992,1062,1
992,993,-1
993,1063,1
993,994,1
994,1064,-1
994,995,-1
995,1065,-1
995,996,1
996,1066,1
996,997,-1
997,1067,1
997,998,-1
998,1068,-1
998,999,1
999,1069,1
999,1000,1
1000,1070,-1
1000,1001,-1
1001,1071,-1
1001,1002,-1
1002,1072,-1
1002,1003,1
1003,1073,-1
1003,1004,1
1004,1074,-1
1004,1005,-1
1005,1075,1
1005,1006,-1
1006,1076,1
1006,1007,1
1007,1077,-1
1007,1008,-1
1008,1078,1
1008,1009,-1
1009,1079,1
1009,1010,-1
1010,1080,1
1010,1011,1
1011,1081,1
1011,1012,1
1012,1082,1
1012,1013,-1
1013,1083,1
1013,1014,1
1014,1084,-1
1014,1015,1
1015,1085,-1
1015,1016,-1
1016,1086,-1
1016,1017,1
1017,1087,-1
1017,1018,1
1018,1088,1
1018,1019,1
1019,1089,1
1019,1020,-1
1020,1090,-1
1020,1021,-1
1021,1091,-1
1021,1022,-1
1022,1092,-1
1022,1023,-1
1023,1093,-1
1023,1024,-1
1024,1094,1
1024,1025,1
1025,1095,-1
1025,1026,1
1026,1096,-1
1026,1027,-1
1027,1097,-1
1027,1028,-1
1028,1098,1
1028,1029,1
1029,1099,-1
1029,1030,-1
1030,1100,-1
1030,1031,-1
1031,1101,1
1031,1032,1
1032,1102,-1
1032,1033,1
1033,1103,1
1033,1034,-1
1034,1104,-1
1034,1035,-1
1035,1105,1
1035,1036,1
1036,1106,1
1036,1037,-1
1037,1107,-1
1037,1038,-1
1038,1108,-1
1038,1039,-1
1039,1109,-1
1039,1040,1
1040,1110,1
1040,1041,1
1041,1111,1
1041,1042,1
1042,1112,-1
1042,1043,1
1043,1113,1
1043,1044,1
1044,1114,1
1044,1045,1
1045,1115,1
1045,1046,-1
1046,1116,1
1046,1047,-1
1047,1117,1
1047,1048,1
1048,1118,1
1048,1049,-1
1049,1119,1
1049,1050,1
1050,1120,1
1051,1121,1
1051,1120,1
1051,1052,-1
1052,1122,1
1052,1053,-1
1053,1123,-1
1053,1054,1
1054,1124,1
1054,1055,1
1055,1125,1
1055,1056,1
1056,1126,-1
1056,1057,1
1057,1127,-1
1057,1058,1
1058,1128,-1
1058,1059,1
1059,1129,1
1059,1060,1
1060,1130,1
1060,1061,-1
1061,1131,1
1061,1062,1
1062,1132,1
1062,1063,1
1063,1133,1
1063,1064,1
1064,1134,-1
1064,1065,-1
1065,1135,1
1065,1066,-1
1066,1136,1
1066,1067,1
1067,1137,1
1067,1068,-1
1068,1138,-1
1068,1069,1
1069,1139,-1
1069,1070,1
1070,1140,-1
1070,1071,1
1071,1141,1
1071,1072,-1
1072,1142,1
1072,1073,-1
1073,1143,1
1073,1074,-1
1074,1144,-1
1074,1075,1
1075,1145,1
1075,1076,1
1076,1146,1
1076,1077,-1
1077,1147,1
1077,1078,-1
1078,1148,1
1078,1079,1
1079,1149,-1
1079,1080,1
1080,1150,1
1080,1081,-1
1081,1151,1
1081,1082,1
1082,1152,1
1082,1083,-1
1083,1153,-1
1083,1084,1
1084,1154,-1
1084,1085,1
1085,1155,1
1085,1086,1
1086,1156,-1
1086,1087,-1
1087,1157,-1
1087,1088,-1
1088,1158,1
1088,1089,1
1089,1159,-1
1089,1090,1
1090,1160,-1
1090,1091,-1
1091,1161,-1
1091,1092,-1
1092,1162,1
1092,1093,-1
1093,1163,1
1093,1094,1
1094,1164,1
1094,1095,-1
1095,1165,-1
1095,1096,-1
1096,1166,-1
1096,1097,1
1097,1167,1
1097,1098,-1
1098,1168,-1
1098,1099,1
1099,1169,1
1099,1100,-1
1100,1170,1
1100,1101,1
1101,1171,1
1101,1102,1
1102,1172,-1
1102,1103,1
1103,1173,-1
1103,1104,-1
1104,1174,-1
1104,1105,1
1105,1175,1
1105,1106,-1
1106,1176,-1
1106,1107,1
1107,1177,-1
1107,1108,-1
1108,1178,1
1108,1109,1
1109,1179,-1
1109,1110,-1
1110,1180,1
1110,1111,-1
1111,1181,1
1111,1112,1
1112,1182,1
1112,1113,-1
1113,1183,1
1113,1114,1
1114,1184,1
1114,1115,-1
1115,1185,1
1115,1116,1
1116,1186,-1
1116,1117,-1
1117,1187,1
1117,1118,1
1118,1188,1
1118,1119,1
1119,1189,1
1119,1120,1
1120,1190,-1
1121,1191,-1
1121,1190,-1
1121,1122,1
1122,1192,-1
1122,1123,1
1123,1193,1
1123,1124,1
1124,1194,1
1124,1125,-1
1125,1195,1
1125,1126,1
1126,1196,1
1126,1127,-1
1127,1197,1
1127,1128,1
1128,1198,-1
1128,1129,-1
1129,1199,-1
1129,1130,-1
1130,1200,-1
1130,1131,1
1131,1201,-1
1131,1132,1
1132,1202,-1
1132,1133,1
1133,1203,1
1133,1134,-1
1134,1204,-1
1134,1135,1
1135,1205,1
1135,1136,1
1136,1206,-1
1136,1137,1
1137,1207,1
1137,1138,1
1138,1208,-1
1138,1139,1
1139,1209,1
1139,1140,-1
1140,1210,1
1140,1141,1
1141,1211,1
1141,1142,-1
1142,1212,1
1142,1143,1
1143,1213,-1
1143,1144,1
1144,1214,1
1144,1145,-1
1145,1215,1
1145,1146,-1
1146,1216,1
1146,1147,1
1147,1217,1
1147,1148,1
1148,1218,1
1148,1149,-1
1149,1219,1
1149,1150,-1
1150,1220,1
1150,1151,-1
1151,1221,-1
1151,1152,1
1152,1222,1
1152,1153,1
1153,1223,-1
1153,1154,-1
1154,1224,-1
1154,1155,1
1155,1225,-1
1155,1156,1
1156,1226,-1
1156,1157,-1
1157,1227,1
1157,1158,1
1158,1228,1
1158,1159,1
1159,1229,-1
1159,1160,1
1160,1230,1
1160,1161,-1
1161,1231,-1
1161,1162,-1
1162,1232,-1
1162,1163,1
1163,1233,1
1163,1164,-1
1164,1234,1
1164,1165,-1
1165,1235,1
1165,1166,1
1166,1236,-1
1166,1167,-1
1167,1237,1
1167,1168,1
1168,1238,-1
1168,1169,-1
1169,1239,1
1169,1170,1
1170,1240,-1
1170,1171,1
1171,1241,1
1171,1172,1
1172,1242,-1
1172,1173,1
1173,1243,-1
1173,1174,-1
1174,1244,1
1174,1175,-1
1175,1245,1
1175,1176,-1
1176,1246,-1
1176,1177,-1
1177,1247,1
1177,1178,1
1178,1248,1
1178,1179,-1
1179,1249,-1
1179,1180,-1
1180,1250,-1
1180,1181,1
1181,1251,-1
1181,1182,-1
1182,1252,1
1182,1183,-1
1183,1253,1
1183,1184,1
1184,1254,-1
1184,1185,-1
1185,1255,-1
1185,1186,-1
1186,1256,-1
1186,1187,-1
1187,1257,-1
1187,1188,1
1188,1258,-1
1188,1189,1
1189,1259,1
1189,1190,-1
1190,1260,1
1191,1261,-1
1191,1260,1
1191,1192,1
1192,1262,1
1192,1193,1
1193,1263,-1
1193,1194,-1
1194,1264,-1
1194,1195,-1
1195,1265,-1
1195,1196,1
1196,1266,-1
1196,1197,1
1197,1267,1
1197,1198,1
1198,1268,1
1198,1199,-1
1199,1269,1
1199,1200,-1
1200,1270,-1
1200,1201,1
1201,1271,1
1201,1202,-1
1202,1272,-1
1202,1203,1
1203,1273,1
1203,1204,-1
1204,1274,-1
1204,1205,1
1205,1275,1
1205,1206,-1
1206,1276,1
1206,1207,1
1207,1277,1
1207,1208,1
1208,1278,1
1208,1209,1
1209,1279,1
1209,1210,1
1210,1280,-1
1210,1211,1
1211,1281,-1
1211,1212,1
1212,1282,1
1212,1213,1
1213,1283,-1
1213,1214,1
1214,1284,1
1214,1215,-1
1215,1285,1
1215,1216,-1
1216,1286,-1
1216,1217,-1
1217,1287,-1
1217,1218,1
1218,1288,1
1218,1219,1
1219,1289,1
1219,1220,1
1220,1290,-1
1220,1221,1
1221,1291,1
1221,1222,-1
1222,1292,-1
1222,1223,-1
1223,1293,1
1223,1224,1
1224,1294,1
1224,1225,1
1225,1295,-1
1225,1226,1
1226,1296,1
1226,1227,-1
1227,1297,-1
1227,1228,-1
1228,1298,1
1228,1229,1
1229,1299,-1
1229,1230,-1
1230,1300,1
1230,1231,1
1231,1301,1
1231,1232,-1
1232,1302,-1
1232,1233,-1
1233,1303,-1
1233,1234,1
1234,1304,1
1234,1235,-1
1235,1305,-1
1235,1236,-1
1236,1306,1
1236,1237,-1
1237,1307,-1
1237,1238,1
1238,1308,-1
1238,1239,-1
1239,1309,1
1239,1240,1
1240,1310,1
1240,1241,1
1241,1311,-1
1241,1242,1
1242,1312,-1
1242,1243,-1
1243,1313,1
1243,1244,-1
1244,1314,1
1244,1245,1
1245,1315,-1
1245,1246,-1
1246,1316,-1
1246,1247,1
1247,1317,1
1247,1248,1
1248,1318,-1
1248,1249,1
1249,1319,1
1249,1250,1
1250,1320,1
1250,1251,-1
1251,1321,-1
1251,1252,-1
1252,1322,-1
1252,1253,1
1253,1323,1
1253,1254,-1
1254,1324,-1
1254,1255,1
1255,1325,1
1255,1256,-1
1256,1326,1
1256,1257,1
1257,1327,1
1257,1258,1
1258,1328,1
1258,1259,-1
1259,1329,1
1259,1260,1
1260,1330,-1
1261,1331,-1
1261,1330,-1
1261,1262,-1
1262,1332,-1
1262,1263,1
1263,1333,1
1263,1264,1
1264,1334,1
1264,1265,-1
1265,1335,1
1265,1266,1
1266,1336,-1
1266,1267,1
1267,1337,-1
1267,1268,1
1268,1338,-1
1268,1269,-1
1269,1339,1
1269,1270,-1
1270,1340,-1
1270,1271,1
1271,1341,1
1271,1272,1
1272,1342,-1
1272,1273,-1
1273,1343,1
1273,1274,1
1274,1344,-1
1274,1275,1
1275,1345,1
1275,1276,-1
1276,1346,1
1276,1277,-1
1277,1347,-1
1277,1278,1
1278,1348,-1
1278,1279,-1
1279,1349,1
1279,1280,-1
1280,1350,1
1280,1281,-1
1281,1351,-1
1281,1282,-1
1282,1352,-1
1282,1283,-1
1283,1353,1
1283,1284,-1
1284,1354,1
1284,1285,-1
1285,1355,1
1285,1286,-1
1286,1356,1
1286,1287,-1
1287,1357,-1
1287,1288,1
1288,1358,1
1288,1289,-1
1289,1359,-1
1289,1290,-1
1290,1360,1
1290,1291,1
1291,1361,1
1291,1292,-1
1292,1362,-1
1292,1293,1
1293,1363,-1
1293,1294,1
1294,1364,-1
1294,1295,-1
1295,1365,-1
1295,1296,1
1296,1366,1
1296,1297,-1
1297,1367,-1
1297,1298,1
1298,1368,1
1298,1299,1
1299,1369,1
1299,1300,1
1300,1370,1
1300,1301,-1
1301,1371,-1
1301,1302,-1
1302,1372,-1
1302,1303,-1
1303,1373,-1
1303,1304,1
1304,1374,-1
1304,1305,-1
1305,1375,1
1305,1306,1
1306,1376,1
1306,1307,-1
1307,1377,1
1307,1308,1
1308,1378,1
1308,1309,1
1309,1379,-1
1309,1310,1
1310,1380,-1
1310,1311,-1
1311,1381,-1
1311,1312,1
1312,1382,1
1312,1313,-1
1313,1383,-1
1313,1314,-1
1314,1384,1
1314,1315,-1
1315,1385,-1
1315,1316,1
1316,1386,1
1316,1317,-1
1317,1387,1
1317,1318,1
1318,1388,1
1318,1319,-1
1319,1389,-1
1319,1320,-1
1320,1390,1
1320,1321,1
1321,1391,1
1321,1322,-1
1322,1392,1
1322,1323,1
1323,1393,-1
1323,1324,1
1324,1394,1
1324,1325,1
1325,1395,-1
1325,1326,1
1326,1396,1
1326,1327,-1
1327,1397,1
1327,1328,-1
1328,1398,1
1328,1329,-1
1329,1399,1
1329,1330,-1
1330,1400,-1
1331,1401,1
1331,1400,-1
1331,1332,-1
1332,1402,-1
1332,1333,1
1333,1403,-1
1333,1334,-1
1334,1404,1
1334,1335,1
1335,1405,1
1335,1336,-1
1336,1406,1
1336,1337,1
1337,1407,1
1337,1338,-1
1338,1408,-1
1338,1339,1
1339,1409,-1
1339,1340,1
1340,1410,1
1340,1341,1
1341,1411,-1
1341,1342,1
1342,1412,1
1342,1343,-1
1343,1413,1
1343,1344,-1
1344,1414,-1
1344,1345,-1
1345,1415,-1
1345,1346,1
1346,1416,1
1346,1347,1
1347,1417,1
1347,1348,1
1348,1418,1
1348,1349,-1
1349,1419,1
1349,1350,-1
1350,1420,-1
1350,1351,1
1351,1421,-1
1351,1352,1
1352,1422,1
1352,1353,1
1353,1423,-1
1353,1354,-1
1354,1424,1
1354,1355,-1
1355,1425,-1
1355,1356,1
1356,1426,-1
1356,1357,1
1357,1427,1
1357,1358,-1
1358,1428,1
1358,1359,1
1359,1429,1
1359,1360,-1
1360,1430,-1
1360,1361,1
1361,1431,1
1361,1362,1
1362,1432,1
1362,1363,1
1363,1433,1
1363,1364,-1
1364,1434,-1
1364,1365,1
1365,1435,1
1365,1366,1
1366,1436,1
1366,1367,1
1367,1437,-1
1367,1368,-1
1368,1438,-1
1368,1369,1
1369,1439,-1
1369,1370,-1
1370,1440,1
1370,1371,-1
1371,1441,-1
1371,1372,1
1372,1442,1
1372,1373,-1
1373,1443,-1
1373,1374,-1
1374,1444,1
1374,1375,-1
1375,1445,1
1375,1376,1
1376,1446,1
1376,1377,1
1377,1447,-1
1377,1378,-1
1378,1448,1
1378,1379,-1
1379,1449,-1
1379,1380,1
1380,1450,1
1380,1381,1
1381,1451,1
1381,1382,1
1382,1452,1
1382,1383,1
1383,1453,-1
1383,1384,1
1384,1454,1
1384,1385,-1
1385,1455,1
1385,1386,1
1386,1456,-1
1386,1387,1
1387,1457,-1
1387,1388,-1
1388,1458,1
1388,1389,-1
1389,1459,-1
1389,1390,-1
1390,1460,-1
1390,1391,-1
1391,1461,1
1391,1392,-1
1392,1462,-1
1392,1393,1
1393,1463,1
1393,1394,-1
1394,1464,1
1394,1395,1
1395,1465,-1
1395,1396,-1
1396,1466,1
1396,1397,-1
1397,1467,-1
1397,1398,1
1398,1468,-1
1398,1399,-1
1399,1469,-1
1399,1400,1
1400,1470,-1
1401,1471,1
1401,1470,-1
1401,1402,1
1402,1472,1
1402,1403,-1
1403,1473,-1
1403,1404,-1
1404,1474,1
1404,1405,-1
1405,1475,1
1405,1406,1
1406,1476,1
1406,1407,-1
1407,1477,-1
1407,1408,-1
1408,1478,-1
1408,1409,-1
1409,1479,-1
1409,1410,-1
1410,1480,-1
1410,1411,-1
1411,1481,1
1411,1412,-1
1412,1482,-1
1412,1413,1
1413,1483,-1
1413,1414,-1
1414,1484,1
1414,1415,1
1415,1485,1
1415,1416,1
1416,1486,-1
1416,1417,-1
1417,1487,1
1417,1418,-1
1418,1488,1
1418,1419,-1
1419,1489,1
1419,1420,1
1420,1490,1
1420,1421,1
1421,1491,1
1421,1422,1
1422,1492,1
1422,1423,1
1423,1493,-1
1423,1424,-1
1424,1494,-1
1424,1425,-1
1425,1495,1
1425,1426,1
1426,1496,-1
1426,1427,1
1427,1497,-1
1427,1428,-1
1428,1498,-1
1428,1429,1
1429,1499,1
1429,1430,-1
1430,1500,1
1430,1431,-1
1431,1501,1
1431,1432,-1
1432,1502,-1
1432,1433,1
1433,1503,-1
1433,1434,-1
1434,1504,-1
1434,1435,1
1435,1505,-1
1435,1436,1
1436,1506,-1
1436,1437,-1
1437,1507,-1
1437,1438,1
1438,1508,-1
1438,1439,1
1439,1509,1
1439,1440,-1
1440,1510,1
1440,1441,1
1441,1511,-1
1441,1442,1
1442,1512,1
1442,1443,-1
1443,1513,1
1443,1444,1
1444,1514,-1
1444,1445,-1
1445,1515,1
1445,1446,1
1446,1516,-1
1446,1447,1
1447,1517,-1
1447,1448,1
1448,1518,-1
1448,1449,-1
1449,1519,-1
1449,1450,1
1450,1520,-1
1450,1451,-1
1451,1521,-1
1451,1452,1
1452,1522,-1
1452,1453,1
1453,1523,1
1453,1454,1
1454,1524,-1
1454,1455,1
1455,1525,-1
1455,1456,1
1456,1526,1
1456,1457,-1
1457,1527,1
1457,1458,1
1458,1528,-1
1458,1459,-1
1459,1529,1
1459,1460,1
1460,1530,-1
1460,1461,1
1461,1531,-1
1461,1462,-1
1462,1532,1
1462,1463,-1
1463,1533,-1
1463,1464,1
1464,1534,-1
1464,1465,-1
1465,1535,-1
1465,1466,1
1466,1536,1
1466,1467,1
1467,1537,-1
1467,1468,1
1468,1538,-1
1468,1469,1
1469,1539,1
1469,1470,-1
1470,1540,-1
1471,1541,1
1471,1540,1
1471,1472,1
1472,1542,1
1472,1473,1
1473,1543,-1
1473,1474,-1
1474,1544,-1
1474,1475,-1
1475,1545,1
1475,1476,1
1476,1546,-1
1476,1477,-1
1477,1547,1
1477,1478,1
1478,1548,1
1478,1479,-1
1479,1549,1
1479,1480,1
1480,1550,1
1480,1481,-1
1481,1551,-1
1481,1482,1
1482,1552,-1
1482,1483,1
1483,1553,-1
1483,1484,-1
1484,1554,-1
1484,1485,1
1485,1555,1
1485,1486,1
1486,1556,1
1486,1487,1
1487,1557,1
1487,1488,1
1488,1558,1
1488,1489,1
1489,1559,-1
1489,1490,1
1490,1560,1
1490,1491,-1
1491,1561,-1
1491,1492,1
1492,1562,-1
1492,1493,1
1493,1563,1
1493,1494,1
1494,1564,1
1494,1495,1
1495,1565,1
1495,1496,1
1496,1566,-1
1496,1497,-1
1497,1567,-1
1497,1498,1
1498,1568,1
1498,1499,-1
1499,1569,-1
1499,1500,1
1500,1570,-1
1500,1501,1
1501,1571,-1
1501,1502,-1
1502,1572,1
1502,1503,-1
1503,1573,1
1503,1504,1
1504,1574,-1
1504,1505,1
1505,1575,1
1505,1506,-1
1506,1576,1
1506,1507,1
1507,1577,-1
1507,1508,-1
1508,1578,-1
1508,1509,-1
1509,1579,1
1509,1510,1
1510,1580,1
1510,1511,-1
1511,1581,-1
1511,1512,-1
1512,1582,1
1512,1513,-1
1513,1583,-1
1513,1514,1
1514,1584,1
1514,1515,1
1515,1585,-1
1515,1516,-1
1516,1586,1
1516,1517,1
1517,1587,-1
1517,1518,1
1518,1588,1
1518,1519,-1
1519,1589,1
1519,1520,1
1520,1590,-1
1520,1521,-1
1521,1591,-1
1521,1522,1
1522,1592,-1
1522,1523,-1
1523,1593,-1
1523,1524,-1
1524,1594,-1
1524,1525,1
1525,1595,1
1525,1526,-1
1526,1596,-1
1526,1527,-1
1527,1597,1
1527,1528,1
1528,1598,-1
1528,1529,1
1529,1599,1
1529,1530,-1
1530,1600,1
1530,1531,-1
1531,1601,-1
1531,1532,1
1532,1602,1
1532,1533,1
1533,1603,-1
1533,1534,-1
1534,1604,1
1534,1535,1
1535,1605,1
1535,1536,-1
1536,1606,1
1536,1537,1
1537,1607,1
1537,1538,-1
1538,1608,-1
1538,1539,-1
1539,1609,-1
1539,1540,1
1540,1610,-1
1541,1611,-1
1541,1610,-1
1541,1542,1
1542,1612,1
1542,1543,1
1543,1613,-1
1543,1544,1
1544,1614,-1
1544,1545,-1
1545,1615,-1
1545,1546,1
1546,1616,-1
1546,1547,1
1547,1617,1
1547,1548,-1
1548,1618,1
1548,1549,-1
1549,1619,-1
1549,1550,1
1550,1620,-1
1550,1551,-1
1551,1621,-1
1551,1552,-1
1552,1622,-1
1552,1553,-1
1553,1623,1
1553,1554,-1
1554,1624,-1
1554,1555,1
1555,1625,-1
1555,1556,-1
1556,1626,1
1556,1557,-1
1557,1627,1
1557,1558,-1
1558,1628,-1
1558,1559,-1
1559,1629,-1
1559,1560,-1
1560,1630,1
1560,1561,-1
1561,1631,-1
1561,1562,-1
1562,1632,-1
1562,1563,1
1563,1633,-1
1563,1564,1
1564,1634,1
1564,1565,1
1565,1635,-1
1565,1566,1
1566,1636,1
1566,1567,-1
1567,1637,-1
1567,1568,1
1568,1638,1
1568,1569,1
1569,1639,1
1569,1570,1
1570,1640,-1
1570,1571,1
1571,1641,1
1571,1572,1
1572,1642,-1
1572,1573,-1
1573,1643,-1
1573,1574,1
1574,1644,1
1574,1575,-1
1575,1645,-1
1575,1576,-1
1576,1646,-1
1576,1577,-1
1577,1647,-1
1577,1578,1
1578,1648,1
1578,1579,-1
1579,1649,1
1579,1580,1
1580,1650,1
1580,1581,1
1581,1651,-1
1581,1582,-1
1582,1652,1
1582,1583,1
1583,1653,-1
1583,1584,1
1584,1654,-1
1584,1585,-1
1585,1655,1
1585,1586,1
1586,1656,-1
1586,1587,1
1587,1657,-1
1587,1588,-1
1588,1658,1
1588,1589,-1
1589,1659,-1
1589,1590,-1
1590,1660,1
1590,1591,1
1591,1661,-1
1591,1592,1
1592,1662,1
1592,1593,-1
1593,1663,-1
1593,1594,1
1594,1664,-1
1594,1595,-1
1595,1665,1
1595,1596,1
1596,1666,-1
1596,1597,-1
1597,1667,-1
1597,1598,1
1598,1668,-1
1598,1599,-1
1599,1669,1
1599,1600,1
1600,1670,1
1600,1601,-1
1601,1671,-1
1601,1602,-1
1602,1672,-1
1602,1603,1
1603,1673,1
1603,1604,-1
1604,1674,-1
1604,1605,-1
1605,1675,1
1605,1606,-1
1606,1676,-1
1606,1607,-1
1607,1677,-1
1607,1608,-1
1608,1678,1
1608,1609,1
1609,1679,1
1609,1610,1
1610,1680,1
1611,1681,1
1611,1680,-1
1611,1612,1
1612,1682,1
1612,1613,-1
1613,1683,1
1613,1614,1
1614,1684,-1
1614,1615,1
1615,1685,-1
1615,1616,1
1616,1686,-1
1616,1617,-1
1617,1687,1
1617,1618,1
1618,1688,-1
1618,1619,1
1619,1689,-1
1619,1620,1
1620,1690,-1
1620,1621,1
1621,1691,-1
1621,1622,1
1622,1692,-1
1622,1623,-1
1623,1693,-1
1623,1624,1
1624,1694,1
1624,1625,-1
1625,1695,-1
1625,1626,1
1626,1696,-1
1626,1627,-1
1627,1697,-1
1627,1628,-1
1628,1698,-1
1628,1629,-1
1629,1699,1
1629,1630,-1
1630,1700,1
1630,1631,1
1631,1701,1
1631,1632,-1
1632,1702,-1
1632,1633,1
1633,1703,1
1633,1634,1
1634,1704,-1
1634,1635,1
1635,1705,1
1635,1636,1
1636,1706,1
1636,1637,-1
1637,1707,1
1637,1638,1
1638,1708,-1
1638,1639,1
1639,1709,1
1639,1640,1
1640,1710,-1
1640,1641,-1
1641,1711,1
1641,1642,-1
1642,1712,-1
1642,1643,-1
1643,1713,1
1643,1644,-1
1644,1714,-1
1644,1645,-1
1645,1715,1
1645,1646,1
1646,1716,-1
1646,1647,-1
1647,1717,1
1647,1648,-1
1648,1718,1
1648,1649,-1
1649,1719,-1
1649,1650,1
1650,1720,1
1650,1651,-1
1651,1721,-1
1651,1652,1
1652,1722,-1
1652,1653,-1
1653,1723,-1
1653,1654,-1
1654,1724,1
1654,1655,-1
1655,1725,-1
1655,1656,-1
1656,1726,-1
1656,1657,1
1657,1727,-1
1657,1658,1
1658,1728,1
1658,1659,-1
1659,1729,-1
1659,1660,-1
1660,1730,-1
1660,1661,-1
1661,1731,1
1661,1662,1
1662,1732,1
1662,1663,-1
1663,1733,1
1663,1664,-1
1664,1734,-1
1664,1665,-1
1665,1735,1
1665,1666,-1
1666,1736,1
1666,1667,-1
1667,1737,-1
1667,1668,-1
1668,1738,-1
1668,1669,-1
1669,1739,-1
1669,1670,-1
1670,1740,-1
1670,1671,-1
1671,1741,-1
1671,1672,-1
1672,1742,1
1672,1673,1
1673,1743,1
1673,1674,1
1674,1744,1
1674,1675,1
1675,1745,-1
1675,1676,1
1676,1746,1
1676,1677,-1
1677,1747,-1
1677,1678,-1
1678,1748,1
1678,1679,1
1679,1749,-1
1679,1680,-1
1680,1750,-1
1681,1751,-1
1681,1750,1
1681,1682,-1
1682,1752,-1
1682,1683,1
1683,1753,-1
1683,1684,-1
1684,1754,1
1684,1685,-1
1685,1755,-1
1685,1686,1
1686,1756,1
1686,1687,-1
1687,1757,-1
1687,1688,-1
1688,1758,1
1688,1689,-1
1689,1759,1
1689,1690,1
1690,1760,1
1690,1691,1
1691,1761,1
1691,1692,-1
1692,1762,-1
1692,1693,-1
1693,1763,1
1693,1694,1
1694,1764,-1
1694,1695,1
1695,1765,-1
1695,1696,-1
1696,1766,-1
1696,1697,-1
1697,1767,1
1697,1698,1
1698,1768,-1
1698,1699,-1
1699,1769,-1
1699,1700,-1
1700,1770,-1
1700,1701,-1
1701,1771,-1
1701,1702,-1
1702,1772,1
1702,1703,-1
1703,1773,-1
1703,1704,1
1704,1774,1
1704,1705,-1
1705,1775,-1
1705,1706,1
1706,1776,-1
1706,1707,-1
1707,1777,1
1707,1708,-1
1708,1778,-1
1708,1709,-1
1709,1779,-1
1709,1710,1
1710,1780,-1
1710,1711,-1
1711,1781,-1
1711,1712,1
1712,1782,1
1712,1713,1
1713,1783,1
1713,1714,1
1714,1784,-1
1714,1715,-1
1715,1785,1
1715,1716,-1
1716,1786,1
1716,1717,-1
1717,1787,-1
1717,1718,-1
1718,1788,1
1718,1719,-1
1719,1789,1
1719,1720,-1
1720,1790,-1
1720,1721,1
1721,1791,-1
1721,1722,1
1722,1792,1
1722,1723,-1
1723,1793,-1
1723,1724,-1
1724,1794,1
1724,1725,1
1725,1795,1
1725,1726,1
1726,1796,1
1726,1727,-1
1727,1797,1
1727,1728,-1
1728,1798,-1
1728,1729,-1
1729,1799,1
1729,1730,1
1730,1800,-1
1730,1731,1
1731,1801,1
1731,1732,-1
1732,1802,-1
1732,1733,-1
1733,1803,-1
1733,1734,1
1734,1804,-1
1734,1735,1
1735,1805,1
1735,1736,-1
1736,1806,1
1736,1737,1
1737,1807,-1
1737,1738,1
1738,1808,1
1738,1739,-1
1739,1809,1
1739,1740,-1
1740,1810,-1
1740,1741,-1
1741,1811,1
1741,1742,-1
1742,1812,-1
1742,1743,1
1743,1813,-1
1743,1744,1
1744,1814,-1
1744,1745,-1
1745,1815,1
1745,1746,1
1746,1816,-1
1746,1747,-1
1747,1817,1
1747,1748,-1
1748,1818,1
1748,1749,1
1749,1819,1
1749,1750,1
1750,1820,1
1751,1821,-1
1751,1820,-1
1751,1752,1
1752,1822,1
1752,1753,1
1753,1823,1
1753,1754,-1
1754,1824,1
1754,1755,-1
1755,1825,-1
1755,1756,-1
1756,1826,1
1756,1757,1
1757,1827,-1
1757,1758,-1
1758,1828,1
1758,1759,1
1759,1829,1
1759,1760,-1
1760,1830,1
1760,1761,-1
1761,1831,-1
1761,1762,1
1762,1832,-1
1762,1763,-1
1763,1833,-1
1763,1764,-1
1764,1834,-1
1764,1765,-1
1765,1835,-1
1765,1766,1
1766,1836,1
1766,1767,1
1767,1837,-1
1767,1768,-1
1768,1838,1
1768,1769,-1
1769,1839,1
1769,1770,-1
1770,1840,-1
1770,1771,-1
1771,1841,1
1771,1772,-1
1772,1842,1
1772,1773,-1
1773,1843,1
1773,1774,1
1774,1844,1
1774,1775,1
1775,1845,-1
1775,1776,1
1776,1846,1
1776,1777,-1
1777,1847,1
1777,1778,-1
1778,1848,1
1778,1779,-1
1779,1849,-1
1779,1780,-1
1780,1850,1
1780,1781,1
1781,1851,1
1781,1782,1
1782,1852,1
1782,1783,-1
1783,1853,-1
1783,1784,1
1784,1854,-1
1784,1785,1
1785,1855,1
1785,1786,1
1786,1856,1
1786,1787,-1
1787,1857,1
1787,1788,1
1788,1858,-1
1788,1789,1
1789,1859,1
1789,1790,-1
1790,1860,-1
1790,1791,-1
1791,1861,-1
1791,1792,1
1792,1862,-1
1792,1793,-1
1793,1863,1
1793,1794,-1
1794,1864,1
1794,1795,-1
1795,1865,-1
1795,1796,-1
1796,1866,1
1796,1797,1
1797,1867,1
1797,1798,-1
1798,1868,-1
1798,1799,1
1799,1869,1
1799,1800,-1
1800,1870,-1
1800,1801,1
1801,1871,-1
1801,1802,-1
1802,1872,-1
1802,1803,-1
1803,1873,-1
1803,1804,1
1804,1874,-1
1804,1805,-1
1805,1875,-1
1805,1806,1
1806,1876,-1
1806,1807,-1
1807,1877,-1
1807,1808,-1
1808,1878,-1
1808,1809,-1
1809,1879,-1
1809,1810,-1
1810,1880,-1
1810,1811,1
1811,1881,-1
1811,1812,-1
1812,1882,1
1812,1813,1
1813,1883,-1
1813,1814,1
1814,1884,1
1814,1815,1
1815,1885,1
1815,1816,1
1816,1886,1
1816,1817,-1
1817,1887,1
1817,1818,-1
1818,1888,1
1818,1819,1
1819,1889,-1
1819,1820,1
1820,1890,1
1821,1891,1
1821,1890,1
1821,1822,1
1822,1892,-1
1822,1823,1
1823,1893,1
1823,1824,-1
1824,1894,-1
1824,1825,-1
1825,1895,1
1825,1826,-1
1826,1896,1
1826,1827,-1
1827,1897,-1
1827,1828,1
1828,1898,-1
1828,1829,1
1829,1899,1
1829,1830,-1
1830,1900,1
1830,1831,1
1831,1901,1
1831,1832,1
1832,1902,1
1832,1833,-1
1833,1903,1
1833,1834,-1
1834,1904,-1
1834,1835,1
1835,1905,1
1835,1836,-1
1836,1906,-1
1836,1837,-1
1837,1907,-1
1837,1838,1
1838,1908,1
1838,1839,1
1839,1909,-1
1839,1840,1
1840,1910,1
1840,1841,1
1841,1911,1
1841,1842,1
1842,1912,1
1842,1843,1
1843,1913,1
1843,1844,-1
1844,1914,1
1844,1845,1
1845,1915,1
1845,1846,1
1846,1916,1
1846,1847,-1
1847,1917,1
1847,1848,-1
1848,1918,-1
1848,1849,-1
1849,1919,-1
1849,1850,1
1850,1920,-1
1850,1851,1
1851,1921,-1
1851,1852,-1
1852,1922,-1
1852,1853,1
1853,1923,-1
1853,1854,-1
1854,1924,-1
1854,1855,-1
1855,1925,-1
1855,1856,1
1856,1926,1
1856,1857,-1
1857,1927,1
1857,1858,-1
1858,1928,-1
1858,1859,-1
1859,1929,-1
1859,1860,1
1860,1930,1
1860,1861,1
1861,1931,1
1861,1862,1
1862,1932,1
1862,1863,-1
1863,1933,-1
1863,1864,-1
1864,1934,-1
1864,1865,-1
1865,1935,-1
1865,1866,-1
1866,1936,1
1866,1867,-1
1867,1937,1
1867,1868,1
1868,1938,-1
1868,1869,-1
1869,1939,-1
1869,1870,-1
1870,1940,1
1870,1871,-1
1871,1941,-1
1871,1872,1
1872,1942,-1
1872,1873,1
1873,1943,-1
1873,1874,-1
1874,1944,1
1874,1875,1
1875,1945,-1
1875,1876,-1
1876,1946,-1
1876,1877,-1
1877,1947,1
1877,1878,1
1878,1948,-1
1878,1879,-1
1879,1949,-1
1879,1880,-1
1880,1950,1
1880,1881,1
1881,1951,1
1881,1882,1
1882,1952,-1
1882,1883,1
1883,1953,-1
1883,1884,-1
1884,1954,1
1884,1885,-1
1885,1955,1
1885,1886,1
1886,1956,1
1886,1887,-1
1887,1957,-1
1887,1888,-1
1888,1958,-1
1888,1889,-1
1889,1959,-1
1889,1890,1
1890,1960,1
1891,1961,1
1891,1960,-1
1891,1892,1
1892,1962,-1
1892,1893,1
1893,1963,1
1893,1894,1
1894,1964,-1
1894,1895,1
1895,1965,1
1895,1896,1
1896,1966,1
1896,1897,1
1897,1967,-1
1897,1898,1
1898,1968,-1
1898,1899,1
1899,1969,1
1899,1900,1
1900,1970,1
1900,1901,1
1901,1971,-1
1901,1902,-1
1902,1972,1
1902,1903,1
1903,1973,-1
1903,1904,1
1904,1974,-1
1904,1905,1
1905,1975,1
1905,1906,-1
1906,1976,-1
1906,1907,-1
1907,1977,-1
1907,1908,1
1908,1978,1
1908,1909,1
1909,1979,-1
1909,1910,-1
1910,1980,-1
1910,1911,1
1911,1981,-1
1911,1912,1
1912,1982,-1
1912,1913,1
1913,1983,-1
1913,1914,1
1914,1984,-1
1914,1915,1
1915,1985,-1
1915,1916,1
1916,1986,-1
1916,1917,-1
1917,1987,-1
1917,1918,1
1918,1988,-1
1918,1919,1
1919,1989,-1
1919,1920,1
1920,1990,-1
1920,1921,-1
1921,1991,-1
1921,1922,1
1922,1992,1
1922,1923,-1
1923,1993,-1
1923,1924,1
1924,1994,1
1924,1925,1
1925,1995,1
1925,1926,1
1926,1996,1
1926,1927,-1
1927,1997,1
1927,1928,-1
1928,1998,-1
1928,1929,1
1929,1999,1
1929,1930,-1
1930,2000,1
1930,1931,1
1931,2001,1
1931,1932,1
1932,2002,1
1932,1933,1
1933,2003,1
1933,1934,1
1934,2004,-1
1934,1935,1
1935,2005,1
1935,1936,-1
1936,2006,-1
1936,1937,1
1937,2007,-1
1937,1938,1
1938,2008,-1
1938,1939,1
1939,2009,-1
1939,1940,1
1940,2010,1
1940,1941,1
1941,2011,1
1941,1942,1
1942,2012,-1
1942,1943,1
1943,2013,-1
1943,1944,1
1944,2014,-1
1944,1945,-1
1945,2015,1
1945,1946,1
1946,2016,-1
1946,1947,1
1947,2017,1
1947,1948,-1
1948,2018,-1
1948,1949,-1
1949,2019,-1
1949,1950,-1
1950,2020,1
1950,1951,-1
1951,2021,1
1951,1952,1
1952,2022,-1
1952,1953,-1
1953,2023,1
1953,1954,1
1954,2024,1
1954,1955,-1
1955,2025,-1
1955,1956,-1
1956,2026,1
1956,1957,1
1957,2027,-1
1957,1958,1
1958,2028,1
1958,1959,1
1959,2029,-1
1959,1960,-1
1960,2030,-1
1961,2031,-1
1961,2030,1
1961,1962,1
1962,2032,1
1962,1963,-1
1963,2033,-1
1963,1964,-1
1964,2034,1
1964,1965,1
1965,2035,-1
1965,1966,-1
1966,2036,1
1966,1967,1
1967,2037,-1
1967,1968,-1
1968,2038,-1
1968,1969,-1
1969,2039,-1
1969,1970,-1
1970,2040,-1
1970,1971,-1
1971,2041,1
1971,1972,1
1972,2042,1
1972,1973,-1
1973,2043,1
1973,1974,1
1974,2044,-1
1974,1975,-1
1975,2045,-1
1975,1976,-1
1976,2046,1
1976,1977,-1
1977,2047,1
1977,1978,1
1978,2048,1
1978,1979,1
1979,2049,1
1979,1980,1
1980,2050,1
1980,1981,1
1981,2051,-1
1981,1982,-1
1982,2052,-1
1982,1983,1
1983,2053,-1
1983,1984,1
1984,2054,-1
1984,1985,1
1985,2055,-1
1985,1986,1
1986,2056,1
1986,1987,1
1987,2057,-1
1987,1988,-1
1988,2058,1
1988,1989,-1
1989,2059,1
1989,1990,-1
1990,2060,1
1990,1991,-1
1991,2061,-1
1991,1992,1
1992,2062,1
1992,1993,-1
1993,2063,1
1993,1994,1
1994,2064,-1
1994,1995,1
1995,2065,-1
1995,1996,-1
1996,2066,1
1996,1997,1
1997,2067,1
1997,1998,-1
1998,2068,-1
1998,1999,1
1999,2069,-1
1999,2000,-1
2000,2070,-1
2000,2001,-1
2001,2071,-1
2001,2002,-1
2002,2072,-1
2002,2003,1
2003,2073,-1
2003,2004,-1
2004,2074,1
2004,2005,1
2005,2075,1
2005,2006,-1
2006,2076,1
2006,2007,1
2007,2077,1
2007,2008,-1
2008,2078,-1
2008,2009,-1
2009,2079,-1
2009,2010,1
2010,2080,1
2010,2011,1
2011,2081,-1
2011,2012,-1
2012,2082,-1
2012,2013,1
2013,2083,1
2013,2014,-1
2014,2084,-1
2014,2015,1
2015,2085,-1
2015,2016,1
2016,2086,1
2016,2017,-1
2017,2087,-1
2017,2018,1
2018,2088,-1
2018,2019,-1
2019,2089,-1
2019,2020,1
2020,2090,1
2020,2021,-1
2021,2091,-1
2021,2022,1
2022,2092,-1
2022,2023,1
2023,2093,1
2023,2024,-1
2024,2094,1
2024,2025,1
2025,2095,-1
2025,2026,1
2026,2096,1
2026,2027,1
2027,2097,-1
2027,2028,1
2028,2098,-1
2028,2029,-1
2029,2099,-1
2029,2030,-1
2030,2100,1
2031,2101,-1
2031,2100,1
2031,2032,-1
2032,2102,1
2032,2033,1
2033,2103,1
2033,2034,-1
2034,2104,1
2034,2035,1
2035,2105,-1
2035,2036,-1
2036,2106,1
2036,2037,-1
2037,2107,1
2037,2038,-1
2038,2108,1
2038,2039,1
2039,2109,-1
2039,2040,1
2040,2110,-1
2040,2041,-1
2041,2111,-1
2041,2042,-1
2042,2112,-1
2042,2043,-1
2043,2113,1
2043,2044,1
2044,2114,-1
2044,2045,-1
2045,2115,1
2045,2046,1
2046,2116,-1
2046,2047,-1
2047,2117,-1
2047,2048,-1
2048,2118,1
2048,2049,-1
2049,2119,-1
2049,2050,1
2050,2120,-1
2050,2051,1
2051,2121,-1
2051,2052,1
2052,2122,1
2052,2053,1
2053,2123,-1
2053,2054,-1
2054,2124,1
2054,2055,-1
2055,2125,-1
2055,2056,1
2056,2126,-1
2056,2057,-1
2057,2127,1
2057,2058,1
2058,2128,-1
2058,2059,1
2059,2129,1
2059,2060,1
2060,2130,1
2060,2061,-1
2061,2131,-1
2061,2062,1
2062,2132,-1
2062,2063,-1
2063,2133,1
2063,2064,1
2064,2134,1
2064,2065,1
2065,2135,-1
2065,2066,-1
2066,2136,-1
2066,2067,-1
2067,2137,1
2067,2068,1
2068,2138,-1
2068,2069,-1
2069,2139,1
2069,2070,-1
2070,2140,-1
2070,2071,-1
2071,2141,1
2071,2072,-1
2072,2142,-1
2072,2073,1
2073,2143,-1
2073,2074,-1
2074,2144,1
2074,2075,-1
2075,2145,1
2075,2076,-1
2076,2146,1
2076,2077,-1
2077,2147,-1
2077,2078,1
2078,2148,1
2078,2079,-1
2079,2149,-1
2079,2080,1
2080,2150,-1
2080,2081,-1
2081,2151,1
2081,2082,-1
2082,2152,-1
2082,2083,-1
2083,2153,-1
2083,2084,1
2084,2154,-1
2084,2085,1
2085,2155,1
2085,2086,-1
2086,2156,1
2086,2087,1
2087,2157,1
2087,2088,1
2088,2158,-1
2088,2089,1
2089,2159,1
2089,2090,-1
2090,2160,1
2090,2091,1
2091,2161,-1
2091,2092,-1
2092,2162,1
2092,2093,1
2093,2163,1
2093,2094,1
2094,2164,1
2094,2095,-1
2095,2165,1
2095,2096,1
2096,2166,-1
2096,2097,-1
2097,2167,-1
2097,2098,-1
2098,2168,-1
2098,2099,-1
2099,2169,-1
2099,2100,-1
2100,2170,-1
2101,2171,1
2101,2170,-1
2101,2102,-1
2102,2172,1
2102,2103,-1
2103,2173,1
2103,2104,1
2104,2174,-1
2104,2105,1
2105,2175,1
2105,2106,1
2106,2176,1
2106,2107,1
2107,2177,-1
2107,2108,1
2108,2178,-1
2108,2109,1
2109,2179,-1
2109,2110,-1
2110,2180,1
2110,2111,1
2111,2181,-1
2111,2112,1
2112,2182,1
2112,2113,-1
2113,2183,1
2113,2114,1
2114,2184,1
2114,2115,-1
2115,2185,1
2115,2116,1
2116,2186,1
2116,2117,1
2117,2187,1
2117,2118,1
2118,2188,-1
2118,2119,-1
2119,2189,1
2119,2120,-1
2120,2190,1
2120,2121,-1
2121,2191,1
2121,2122,1
2122,2192,1
2122,2123,1
2123,2193,1
2123,2124,1
2124,2194,-1
2124,2125,1
2125,2195,1
2125,2126,-1
2126,2196,-1
2126,2127,1
2127,2197,-1
2127,2128,1
2128,2198,-1
2128,2129,-1
2129,2199,1
2129,2130,-1
2130,2200,1
2130,2131,-1
2131,2201,1
2131,2132,1
2132,2202,-1
2132,2133,1
2133,2203,-1
2133,2134,-1
2134,2204,1
2134,2135,-1
2135,2205,-1
2135,2136,1
2136,2206,-1
2136,2137,1
2137,2207,1
2137,2138,1
2138,2208,1
2138,2139,1
2139,2209,-1
2139,2140,1
2140,2210,1
2140,2141,-1
2141,2211,-1
2141,2142,-1
2142,2212,1
2142,2143,-1
2143,2213,1
2143,2144,1
2144,2214,-1
2144,2145,1
2145,2215,-1
2145,2146,1
2146,2216,1
2146,2147,1
2147,2217,-1
2147,2148,-1
2148,2218,-1
2148,2149,-1
2149,2219,1
2149,2150,-1
2150,2220,-1
2150,2151,1
2151,2221,1
2151,2152,-1
2152,2222,1
2152,2153,1
2153,2223,1
2153,2154,1
2154,2224,1
2154,2155,1
2155,2225,-1
2155,2156,-1
2156,2226,1
2156,2157,-1
2157,2227,1
2157,2158,1
2158,2228,1
2158,2159,-1
2159,2229,-1
2159,2160,1
2160,2230,-1
2160,2161,1
2161,2231,-1
2161,2162,1
2162,2232,1
2162,2163,-1
2163,2233,-1
2163,2164,-1
2164,2234,-1
2164,2165,-1
2165,2235,1
2165,2166,1
2166,2236,-1
2166,2167,1
2167,2237,1
2167,2168,-1
2168,2238,-1
2168,2169,-1
2169,2239,-1
2169,2170,1
2170,2240,1
2171,2241,-1
2171,2240,-1
2171,2172,1
2172,2242,1
2172,2173,1
2173,2243,1
2173,2174,-1
2174,2244,-1
2174,2175,1
2175,2245,1
2175,2176,1
2176,2246,1
2176,2177,-1
2177,2247,-1
2177,2178,-1
2178,2248,1
2178,2179,1
2179,2249,-1
2179,2180,1
2180,2250,-1
2180,2181,-1
2181,2251,-1
2181,2182,-1
2182,2252,1
2182,2183,1
2183,2253,1
2183,2184,1
2184,2254,-1
2184,2185,1
2185,2255,-1
2185,2186,1
2186,2256,1
2186,2187,1
2187,2257,1
2187,2188,1
2188,2258,1
2188,2189,1
2189,2259,-1
2189,2190,-1
2190,2260,-1
2190,2191,-1
2191,2261,-1
2191,2192,-1
2192,2262,1
2192,2193,1
2193,2263,1
2193,2194,-1
2194,2264,1
2194,2195,-1
2195,2265,-1
2195,2196,1
2196,2266,1
2196,2197,1
2197,2267,1
2197,2198,1
2198,2268,-1
2198,2199,1
2199,2269,-1
2199,2200,1
2200,2270,-1
2200,2201,-1
2201,2271,-1
2201,2202,1
2202,2272,-1
2202,2203,1
2203,2273,1
2203,2204,1
2204,2274,-1
2204,2205,-1
2205,2275,-1
2205,2206,-1
2206,2276,-1
2206,2207,1
2207,2277,-1
2207,2208,1
2208,2278,1
2208,2209,1
2209,2279,-1
2209,2210,-1
2210,2280,-1
2210,2211,1
2211,2281,1
2211,2212,-1
2212,2282,1
2212,2213,1
2213,2283,-1
2213,2214,1
2214,2284,1
2214,2215,-1
2215,2285,-1
2215,2216,-1
2216,2286,-1
2216,2217,-1
2217,2287,-1
2217,2218,1
2218,2288,1
2218,2219,1
2219,2289,1
2219,2220,1
2220,2290,1
2220,2221,-1
2221,2291,1
2221,2222,1
2222,2292,1
2222,2223,-1
2223,2293,1
2223,2224,1
2224,2294,1
2224,2225,1
2225,2295,-1
2225,2226,-1
2226,2296,-1
2226,2227,-1
2227,2297,-1
2227,2228,-1
2228,2298,-1
2228,2229,1
2229,2299,-1
2229,2230,-1
2230,2300,1
2230,2231,-1
2231,2301,1
2231,2232,-1
2232,2302,-1
2232,2233,1
2233,2303,1
2233,2234,-1
2234,2304,1
2234,2235,-1
2235,2305,-1
2235,2236,-1
2236,2306,-1
2236,2237,-1
2237,2307,1
2237,2238,-1
2238,2308,1
2238,2239,-1
2239,2309,1
2239,2240,-1
2240,2310,-1
2241,2311,1
2241,2310,1
2241,2242,-1
2242,2312,-1
2242,2243,1
2243,2313,-1
2243,2244,-1
2244,2314,-1
2244,2245,1
2245,2315,1
2245,2246,-1
2246,2316,-1
2246,2247,-1
2247,2317,1
2247,2248,-1
2248,2318,-1
2248,2249,1
2249,2319,-1
2249,2250,-1
2250,2320,1
2250,2251,-1
2251,2321,-1
2251,2252,1
2252,2322,-1
2252,2253,-1
2253,2323,1
2253,2254,1
2254,2324,1
2254,2255,-1
2255,2325,1
2255,2256,1
2256,2326,-1
2256,2257,1
2257,2327,-1
2257,2258,1
2258,2328,1
2258,2259,1
2259,2329,-1
2259,2260,1
2260,2330,-1
2260,2261,-1
2261,2331,1
2261,2262,1
2262,2332,1
2262,2263,1
2263,2333,1
2263,2264,-1
2264,2334,1
2264,2265,-1
2265,2335,1
2265,2266,1
2266,2336,1
2266,2267,-1
2267,2337,1
2267,2268,1
2268,2338,1
2268,2269,1
2269,2339,-1
2269,2270,-1
2270,2340,1
2270,2271,-1
2271,2341,-1
2271,2272,1
2272,2342,1
2272,2273,1
2273,2343,1
2273,2274,-1
2274,2344,1
2274,2275,1
2275,2345,-1
2275,2276,-1
2276,2346,-1
2276,2277,1
2277,2347,-1
2277,2278,-1
2278,2348,-1
2278,2279,1
2279,2349,1
2279,2280,-1
2280,2350,-1
2280,2281,-1
2281,2351,1
2281,2282,-1
2282,2352,-1
2282,2283,1
2283,2353,-1
2283,2284,1
2284,2354,1
2284,2285,1
2285,2355,-1
2285,2286,-1
2286,2356,-1
2286,2287,1
2287,2357,-1
2287,2288,-1
2288,2358,1
2288,2289,1
2289,2359,-1
2289,2290,1
2290,2360,-1
2290,2291,1
2291,2361,-1
2291,2292,-1
2292,2362,-1
2292,2293,1
2293,2363,-1
2293,2294,1
2294,2364,-1
2294,2295,-1
2295,2365,1
2295,2296,1
2296,2366,-1
2296,2297,1
2297,2367,1
2297,2298,1
2298,2368,1
2298,2299,1
2299,2369,1
2299,2300,-1
2300,2370,1
2300,2301,-1
2301,2371,1
2301,2302,-1
2302,2372,1
2302,2303,-1
2303,2373,1
2303,2304,1
2304,2374,-1
2304,2305,1
2305,2375,1
2305,2306,-1
2306,2376,-1
2306,2307,1
2307,2377,-1
2307,2308,1
2308,2378,1
2308,2309,1
2309,2379,1
2309,2310,1
2310,2380,-1
2311,2381,1
2311,2380,-1
2311,2312,1
2312,2382,1
2312,2313,1
2313,2383,1
2313,2314,-1
2314,2384,-1
2314,2315,-1
2315,2385,1
2315,2316,1
2316,2386,1
2316,2317,1
2317,2387,1
2317,2318,-1
2318,2388,1
2318,2319,-1
2319,2389,-1
2319,2320,1
2320,2390,1
2320,2321,-1
2321,2391,1
2321,2322,1
2322,2392,1
2322,2323,1
2323,2393,1
2323,2324,-1
2324,2394,-1
2324,2325,1
2325,2395,1
2325,2326,-1
2326,2396,1
2326,2327,-1
2327,2397,1
2327,2328,-1
2328,2398,-1
2328,2329,1
2329,2399,-1
2329,2330,-1
2330,2400,-1
2330,2331,-1
2331,2401,1
2331,2332,-1
2332,2402,-1
2332,2333,-1
2333,2403,-1
2333,2334,1
2334,2404,-1
2334,2335,1
2335,2405,-1
2335,2336,1
2336,2406,-1
2336,2337,-1
2337,2407,-1
2337,2338,-1
2338,2408,-1
2338,2339,-1
2339,2409,-1
2339,2340,-1
2340,2410,1
2340,2341,1
2341,2411,-1
2341,2342,-1
2342,2412,-1
2342,2343,1
2343,2413,-1
2343,2344,-1
2344,2414,1
2344,2345,1
2345,2415,-1
2345,2346,1
2346,2416,1
2346,2347,1
2347,2417,1
2347,2348,-1
2348,2418,1
2348,2349,1
2349,2419,1
2349,2350,-1
2350,2420,1
2350,2351,-1
2351,2421,1
2351,2352,1
2352,2422,-1
2352,2353,-1
2353,2423,-1
2353,2354,-1
2354,2424,-1
2354,2355,-1
2355,2425,1
2355,2356,1
2356,2426,-1
2356,2357,-1
2357,2427,-1
2357,2358,-1
2358,2428,1
2358,2359,-1
2359,2429,-1
2359,2360,-1
2360,2430,1
2360,2361,-1
2361,2431,-1
2361,2362,1
2362,2432,1
2362,2363,1
2363,2433,1
2363,2364,1
2364,2434,1
2364,2365,-1
2365,2435,-1
2365,2366,-1
2366,2436,-1
2366,2367,-1
2367,2437,1
2367,2368,1
2368,2438,1
2368,2369,-1
2369,2439,-1
2369,2370,-1
2370,2440,1
2370,2371,1
2371,2441,-1
2371,2372,-1
2372,2442,1
2372,2373,-1
2373,2443,1
2373,2374,1
2374,2444,-1
2374,2375,1
2375,2445,-1
2375,2376,1
2376,2446,1
2376,2377,-1
2377,2447,-1
2377,2378,-1
2378,2448,-1
2378,2379,-1
2379,2449,1
2379,2380,-1
2380,2450,-1
2381,2451,-1
2381,2450,-1
2381,2382,-1
2382,2452,-1
2382,2383,1
2383,2453,-1
2383,2384,1
2384,2454,-1
2384,2385,-1
2385,2455,-1
2385,2386,-1
2386,2456,1
2386,2387,1
2387,2457,-1
2387,2388,-1
2388,2458,-1
2388,2389,1
2389,2459,1
2389,2390,1
2390,2460,-1
2390,2391,1
2391,2461,1
2391,2392,-1
2392,2462,-1
2392,2393,1
2393,2463,1
2393,2394,1
2394,2464,1
2394,2395,1
2395,2465,-1
2395,2396,1
2396,2466,-1
2396,2397,-1
2397,2467,-1
2397,2398,1
2398,2468,1
2398,2399,1
2399,2469,-1
2399,2400,1
2400,2470,-1
2400,2401,1
2401,2471,-1
2401,2402,-1
2402,2472,1
2402,2403,-1
2403,2473,-1
2403,2404,1
2404,2474,-1
2404,2405,1
2405,2475,1
2405,2406,1
2406,2476,1
2406,2407,-1
2407,2477,1
2407,2408,-1
2408,2478,-1
2408,2409,-1
2409,2479,-1
2409,2410,-1
2410,2480,-1
2410,2411,1
2411,2481,-1
2411,2412,-1
2412,2482,-1
2412,2413,1
2413,2483,-1
2413,2414,1
2414,2484,1
2414,2415,1
2415,2485,1
2415,2416,-1
2416,2486,-1
2416,2417,1
2417,2487,-1
2417,2418,-1
2418,2488,1
2418,2419,1
2419,2489,1
2419,2420,1
2420,2490,1
2420,2421,1
2421,2491,-1
2421,2422,1
2422,2492,-1
2422,2423,1
2423,2493,1
2423,2424,1
2424,2494,1
2424,2425,1
2425,2495,-1
2425,2426,-1
2426,2496,-1
2426,2427,1
2427,2497,1
2427,2428,-1
2428,2498,1
2428,2429,-1
2429,2499,1
2429,2430,-1
2430,2500,-1
2430,2431,-1
2431,2501,1
2431,2432,1
2432,2502,-1
2432,2433,-1
2433,2503,1
2433,2434,-1
2434,2504,1
2434,2435,1
2435,2505,-1
2435,2436,1
2436,2506,1
2436,2437,1
2437,2507,1
2437,2438,1
2438,2508,1
2438,2439,1
2439,2509,-1
2439,2440,-1
2440,2510,1
2440,2441,-1
2441,2511,-1
2441,2442,1
2442,2512,-1
2442,2443,1
2443,2513,1
2443,2444,-1
2444,2514,1
2444,2445,-1
2445,2515,1
2445,2446,-1
2446,2516,-1
2446,2447,-1
2447,2517,-1
2447,2448,-1
2448,2518,1
2448,2449,1
2449,2519,-1
2449,2450,-1
2450,2520,1
2451,2521,-1
2451,2520,1
2451,2452,1
2452,2522,-1
2452,2453,-1
2453,2523,1
2453,2454,-1
2454,2524,1
2454,2455,-1
2455,2525,1
2455,2456,-1
2456,2526,-1
2456,2457,-1
2457,2527,1
2457,2458,1
2458,2528,1
2458,2459,1
2459,2529,1
2459,2460,1
2460,2530,-1
2460,2461,1
2461,2531,1
2461,2462,-1
2462,2532,-1
2462,2463,1
2463,2533,-1
2463,2464,-1
2464,2534,1
2464,2465,-1
2465,2535,1
2465,2466,-1
2466,2536,-1
2466,2467,1
2467,2537,1
2467,2468,1
2468,2538,-1
2468,2469,-1
2469,2539,-1
2469,2470,1
2470,2540,1
2470,2471,-1
2471,2541,1
2471,2472,1
2472,2542,-1
2472,2473,1
2473,2543,1
2473,2474,-1
2474,2544,-1
2474,2475,1
2475,2545,-1
2475,2476,1
2476,2546,1
2476,2477,1
2477,2547,-1
2477,2478,1
2478,2548,1
2478,2479,1
2479,2549,-1
2479,2480,-1
2480,2550,-1
2480,2481,-1
2481,2551,1
2481,2482,1
2482,2552,-1
2482,2483,1
2483,2553,1
2483,2484,-1
2484,2554,-1
2484,2485,-1
2485,2555,1
2485,2486,-1
2486,2556,-1
2486,2487,1
2487,2557,-1
2487,2488,-1
2488,2558,-1
2488,2489,1
2489,2559,-1
2489,2490,-1
2490,2560,1
2490,2491,-1
2491,2561,1
2491,2492,-1
2492,2562,-1
2492,2493,1
2493,2563,1
2493,2494,-1
2494,2564,-1
2494,2495,-1
2495,2565,-1
2495,2496,1
2496,2566,1
2496,2497,1
2497,2567,1
2497,2498,-1
2498,2568,1
2498,2499,1
2499,2569,1
2499,2500,-1
2500,2570,1
2500,2501,1
2501,2571,1
2501,2502,-1
2502,2572,1
2502,2503,1
2503,2573,1
2503,2504,-1
2504,2574,1
2504,2505,-1
2505,2575,1
2505,2506,1
2506,2576,1
2506,2507,-1
2507,2577,1
2507,2508,1
2508,2578,1
2508,2509,1
2509,2579,-1
2509,2510,1
2510,2580,1
2510,2511,-1
2511,2581,-1
2511,2512,-1
2512,2582,-1
2512,2513,-1
2513,2583,1
2513,2514,-1
2514,2584,-1
2514,2515,1
2515,2585,-1
2515,2516,1
2516,2586,-1
2516,2517,-1
2517,2587,-1
2517,2518,-1
2518,2588,-1
2518,2519,-1
2519,2589,1
2519,2520,1
2520,2590,1
2521,2591,-1
2521,2590,1
2521,2522,1
2522,2592,-1
2522,2523,-1
2523,2593,-1
2523,2524,1
2524,2594,1
2524,2525,1
2525,2595,1
2525,2526,-1
2526,2596,1
2526,2527,-1
2527,2597,1
2527,2528,-1
2528,2598,-1
2528,2529,-1
2529,2599,1
2529,2530,-1
2530,2600,1
2530,2531,1
2531,2601,-1
2531,2532,-1
2532,2602,1
2532,2533,1
2533,2603,-1
2533,2534,-1
2534,2604,1
2534,2535,-1
2535,2605,1
2535,2536,-1
2536,2606,-1
2536,2537,-1
2537,2607,1
2537,2538,1
2538,2608,-1
2538,2539,1
2539,2609,1
2539,2540,1
2540,2610,1
2540,2541,1
2541,2611,1
2541,2542,1
2542,2612,-1
2542,2543,-1
2543,2613,-1
2543,2544,1
2544,2614,1
2544,2545,-1
2545,2615,1
2545,2546,1
2546,2616,1
2546,2547,1
2547,2617,-1
2547,2548,1
2548,2618,1
2548,2549,-1
2549,2619,-1
2549,2550,-1
2550,2620,1
2550,2551,1
2551,2621,1
2551,2552,1
2552,2622,1
2552,2553,-1
2553,2623,-1
2553,2554,1
2554,2624,1
2554,2555,1
2555,2625,-1
2555,2556,-1
2556,2626,-1
2556,2557,-1
2557,2627,-1
2557,2558,1
2558,2628,-1
2558,2559,-1
2559,2629,1
2559,2560,-1
2560,2630,-1
2560,2561,1
2561,2631,-1
2561,2562,1
2562,2632,1
2562,2563,1
2563,2633,-1
2563,2564,-1
2564,2634,-1
2564,2565,1
2565,2635,-1
2565,2566,-1
2566,2636,1
2566,2567,-1
2567,2637,-1
2567,2568,-1
2568,2638,-1
2568,2569,1
2569,2639,-1
2569,2570,-1
2570,2640,1
2570,2571,-1
2571,2641,1
2571,2572,1
2572,2642,1
2572,2573,1
2573,2643,-1
2573,2574,-1
2574,2644,1
2574,2575,-1
2575,2645,-1
2575,2576,-1
2576,2646,-1
2576,2577,-1
2577,2647,1
2577,2578,1
2578,2648,1
2578,2579,1
2579,2649,1
2579,2580,-1
2580,2650,1
2580,2581,-1
2581,2651,-1
2581,2582,1
2582,2652,-1
2582,2583,1
2583,2653,1
2583,2584,-1
2584,2654,1
2584,2585,1
2585,2655,-1
2585,2586,-1
2586,2656,-1
2586,2587,-1
2587,2657,1
2587,2588,1
2588,2658,-1
2588,2589,1
2589,2659,1
2589,2590,-1
2590,2660,-1
2591,2661,-1
2591,2660,-1
2591,2592,1
2592,2662,1
2592,2593,-1
2593,2663,1
2593,2594,-1
2594,2664,1
2594,2595,1
2595,2665,1
2595,2596,-1
2596,2666,1
2596,2597,1
2597,2667,1
2597,2598,-1
2598,2668,-1
2598,2599,1
2599,2669,1
2599,2600,1
2600,2670,1
2600,2601,1
2601,2671,-1
2601,2602,1
2602,2672,1
2602,2603,-1
2603,2673,-1
2603,2604,1
2604,2674,-1
2604,2605,-1
2605,2675,-1
2605,2606,-1
2606,2676,-1
2606,2607,-1
2607,2677,-1
2607,2608,1
2608,2678,1
2608,2609,-1
2609,2679,-1
2609,2610,-1
2610,2680,1
2610,2611,-1
2611,2681,1
2611,2612,-1
2612,2682,-1
2612,2613,-1
2613,2683,-1
2613,2614,1
2614,2684,-1
2614,2615,-1
2615,2685,1
2615,2616,-1
2616,2686,-1
2616,2617,1
2617,2687,1
2617,2618,1
2618,2688,1
2618,2619,1
2619,2689,-1
2619,2620,-1
2620,2690,1
2620,2621,-1
2621,2691,1
2621,2622,-1
2622,2692,-1
2622,2623,1
2623,2693,1
2623,2624,1
2624,2694,1
2624,2625,-1
2625,2695,-1
2625,2626,1
2626,2696,-1
2626,2627,1
2627,2697,-1
2627,2628,-1
2628,2698,1
2628,2629,-1
2629,2699,1
2629,2630,1
2630,2700,1
2630,2631,1
2631,2701,1
2631,2632,1
2632,2702,1
2632,2633,1
2633,2703,-1
2633,2634,-1
2634,2704,1
2634,2635,1
2635,2705,-1
2635,2636,-1
2636,2706,-1
2636,2637,1
2637,2707,-1
2637,2638,1
2638,2708,1
2638,2639,1
2639,2709,-1
2639,2640,1
2640,2710,-1
2640,2641,-1
2641,2711,1
2641,2642,-1
2642,2712,-1
2642,2643,1
2643,2713,-1
2643,2644,1
2644,2714,1
2644,2645,1
2645,2715,-1
2645,2646,-1
2646,2716,1
2646,2647,1
2647,2717,1
2647,2648,1
2648,2718,-1
2648,2649,1
2649,2719,-1
2649,2650,-1
2650,2720,1
2650,2651,-1
2651,2721,-1
2651,2652,1
2652,2722,-1
2652,2653,-1
2653,2723,-1
2653,2654,-1
2654,2724,-1
2654,2655,-1
2655,2725,-1
2655,2656,1
2656,2726,-1
2656,2657,-1
2657,2727,1
2657,2658,1
2658,2728,-1
2658,2659,1
2659,2729,1
2659,2660,-1
2660,2730,1
2661,2731,1
2661,2730,1
2661,2662,1
2662,2732,1
2662,2663,1
2663,2733,-1
2663,2664,1
2664,2734,-1
2664,2665,-1
2665,2735,-1
2665,2666,1
2666,2736,1
2666,2667,-1
2667,2737,-1
2667,2668,1
2668,2738,-1
2668,2669,-1
2669,2739,1
2669,2670,1
2670,2740,1
2670,2671,1
2671,2741,-1
2671,2672,1
2672,2742,-1
2672,2673,1
2673,2743,1
2673,2674,-1
2674,2744,-1
2674,2675,1
2675,2745,-1
2675,2676,1
2676,2746,1
2676,2677,-1
2677,2747,1
2677,2678,-1
2678,2748,-1
2678,2679,-1
2679,2749,1
2679,2680,1
2680,2750,-1
2680,2681,1
2681,2751,1
2681,2682,1
2682,2752,-1
2682,2683,1
2683,2753,1
2683,2684,-1
2684,2754,1
2684,2685,1
2685,2755,1
2685,2686,1
2686,2756,1
2686,2687,-1
2687,2757,1
2687,2688,-1
2688,2758,-1
2688,2689,-1
2689,2759,1
2689,2690,1
2690,2760,-1
2690,2691,-1
2691,2761,1
2691,2692,-1
2692,2762,1
2692,2693,-1
2693,2763,-1
2693,2694,-1
2694,2764,-1
2694,2695,-1
2695,2765,-1
2695,2696,-1
2696,2766,1
2696,2697,1
2697,2767,1
2697,2698,1
2698,2768,-1
2698,2699,-1
2699,2769,1
2699,2700,1
2700,2770,1
2700,2701,1
2701,2771,-1
2701,2702,-1
2702,2772,1
2702,2703,-1
2703,2773,-1
2703,2704,-1
2704,2774,1
2704,2705,-1
2705,2775,1
2705,2706,1
2706,2776,-1
2706,2707,-1
2707,2777,1
2707,2708,-1
2708,2778,1
2708,2709,-1
2709,2779,-1
2709,2710,-1
2710,2780,1
2710,2711,-1
2711,2781,-1
2711,2712,1
2712,2782,-1
2712,2713,-1
2713,2783,-1
2713,2714,-1
2714,2784,-1
2714,2715,-1
2715,2785,1
2715,2716,-1
2716,2786,-1
2716,2717,-1
2717,2787,1
2717,2718,1
2718,2788,1
2718,2719,1
2719,2789,-1
2719,2720,-1
2720,2790,1
2720,2721,-1
2721,2791,1
2721,2722,-1
2722,2792,1
2722,2723,1
2723,2793,1
2723,2724,-1
2724,2794,1
2724,2725,1
2725,2795,1
2725,2726,1
2726,2796,-1
2726,2727,1
2727,2797,1
2727,2728,-1
2728,2798,-1
2728,2729,1
2729,2799,-1
2729,2730,1
2730,2800,1
2731,2801,-1
2731,2800,-1
2731,2732,1
2732,2802,1
2732,2733,-1
2733,2803,1
2733,2734,-1
2734,2804,1
2734,2735,1
2735,2805,1
2735,2736,1
2736,2806,-1
2736,2737,-1
2737,2807,-1
2737,2738,1
2738,2808,-1
2738,2739,-1
2739,2809,-1
2739,2740,1
2740,2810,1
2740,2741,1
2741,2811,-1
2741,2742,-1
2742,2812,1
2742,2743,-1
2743,2813,-1
2743,2744,-1
2744,2814,1
2744,2745,-1
2745,2815,-1
2745,2746,-1
2746,2816,-1
2746,2747,-1
2747,2817,1
2747,2748,-1
2748,2818,1
2748,2749,1
2749,2819,1
2749,2750,1
2750,2820,-1
2750,2751,-1
2751,2821,-1
2751,2752,1
2752,2822,-1
2752,2753,1
2753,2823,1
2753,2754,1
2754,2824,-1
2754,2755,1
2755,2825,-1
2755,2756,-1
2756,2826,1
2756,2757,1
2757,2827,1
2757,2758,1
2758,2828,1
2758,2759,-1
2759,2829,1
2759,2760,1
2760,2830,1
2760,2761,-1
2761,2831,1
2761,2762,-1
2762,2832,1
2762,2763,1
2763,2833,-1
2763,2764,-1
2764,2834,1
2764,2765,-1
2765,2835,-1
2765,2766,1
2766,2836,1
2766,2767,-1
2767,2837,-1
2767,2768,-1
2768,2838,-1
2768,2769,1
2769,2839,-1
2769,2770,-1
2770,2840,1
2770,2771,1
2771,2841,-1
2771,2772,1
2772,2842,1
2772,2773,-1
2773,2843,1
2773,2774,1
2774,2844,-1
2774,2775,-1
2775,2845,-1
2775,2776,-1
2776,2846,1
2776,2777,-1
2777,2847,1
2777,2778,1
2778,2848,-1
2778,2779,-1
2779,2849,-1
2779,2780,-1
2780,2850,-1
2780,2781,-1
2781,2851,-1
2781,2782,1
2782,2852,1
2782,2783,1
2783,2853,-1
2783,2784,-1
2784,2854,1
2784,2785,-1
2785,2855,1
2785,2786,1
2786,2856,-1
2786,2787,1
2787,2857,-1
2787,2788,1
2788,2858,-1
2788,2789,1
2789,2859,-1
2789,2790,1
2790,2860,-1
2790,2791,-1
2791,2861,1
2791,2792,-1
2792,2862,1
2792,2793,1
2793,2863,1
2793,2794,1
2794,2864,-1
2794,2795,1
2795,2865,-1
2795,2796,1
2796,2866,-1
2796,2797,1
2797,2867,-1
2797,2798,-1
2798,2868,1
2798,2799,-1
2799,2869,-1
2799,2800,-1
2800,2870,1
2801,2871,1
2801,2870,1
2801,2802,1
2802,2872,1
2802,2803,1
2803,2873,-1
2803,2804,1
2804,2874,-1
2804,2805,-1
2805,2875,-1
2805,2806,-1
2806,2876,-1
2806,2807,1
2807,2877,1
2807,2808,1
2808,2878,-1
2808,2809,-1
2809,2879,-1
2809,2810,1
2810,2880,-1
2810,2811,-1
2811,2881,1
2811,2812,1
2812,2882,1
2812,2813,-1
2813,2883,-1
2813,2814,1
2814,2884,1
2814,2815,1
2815,2885,-1
2815,2816,-1
2816,2886,-1
2816,2817,1
2817,2887,1
2817,2818,-1
2818,2888,-1
2818,2819,1
2819,2889,1
2819,2820,1
2820,2890,-1
2820,2821,-1
2821,2891,1
2821,2822,-1
2822,2892,1
2822,2823,-1
2823,2893,1
2823,2824,-1
2824,2894,1
2824,2825,1
2825,2895,1
2825,2826,1
2826,2896,1
2826,2827,1
2827,2897,1
2827,2828,1
2828,2898,-1
2828,2829,1
2829,2899,1
2829,2830,-1
2830,2900,-1
2830,2831,-1
2831,2901,-1
2831,2832,1
2832,2902,-1
2832,2833,-1
2833,2903,1
2833,2834,1
2834,2904,-1
2834,2835,1
2835,2905,-1
2835,2836,-1
2836,2906,-1
2836,2837,1
2837,2907,1
2837,2838,-1
2838,2908,1
2838,2839,1
2839,2909,1
2839,2840,-1
2840,2910,1
2840,2841,-1
2841,2911,-1
2841,2842,1
2842,2912,1
2842,2843,-1
2843,2913,1
2843,2844,1
2844,2914,-1
2844,2845,-1
2845,2915,1
2845,2846,1
2846,2916,1
2846,2847,-1
2847,2917,1
2847,2848,-1
2848,2918,-1
2848,2849,1
2849,2919,-1
2849,2850,-1
2850,2920,1
2850,2851,-1
2851,2921,-1
2851,2852,1
2852,2922,1
2852,2853,1
2853,2923,1
2853,2854,-1
2854,2924,-1
2854,2855,-1
2855,2925,-1
2855,2856,1
2856,2926,-1
2856,2857,-1
2857,2927,-1
2857,2858,-1
2858,2928,1
2858,2859,-1
2859,2929,-1
2859,2860,1
2860,2930,1
2860,2861,-1
2861,2931,-1
2861,2862,1
2862,2932,1
2862,2863,-1
2863,2933,-1
2863,2864,-1
2864,2934,1
2864,2865,-1
2865,2935,-1
2865,2866,1
2866,2936,1
2866,2867,1
2867,2937,1
2867,2868,1
2868,2938,1
2868,2869,1
2869,2939,-1
2869,2870,-1
2870,2940,1
2871,2941,-1
2871,2940,1
2871,2872,1
2872,2942,1
2872,2873,1
2873,2943,1
2873,2874,1
2874,2944,-1
2874,2875,-1
2875,2945,-1
2875,2876,-1
2876,2946,-1
2876,2877,1
2877,2947,-1
2877,2878,-1
2878,2948,-1
2878,2879,-1
2879,2949,1
2879,2880,-1
2880,2950,-1
2880,2881,-1
2881,2951,-1
2881,2882,1
2882,2952,1
2882,2883,-1
2883,2953,1
2883,2884,-1
2884,2954,-1
2884,2885,-1
2885,2955,-1
2885,2886,-1
2886,2956,-1
2886,2887,-1
2887,2957,-1
2887,2888,-1
2888,2958,1
2888,2889,1
2889,2959,1
2889,2890,1
2890,2960,-1
2890,2891,1
2891,2961,1
2891,2892,1
2892,2962,1
2892,2893,1
2893,2963,-1
2893,2894,1
2894,2964,1
2894,2895,-1
2895,2965,-1
2895,2896,-1
2896,2966,-1
2896,2897,-1
2897,2967,-1
2897,2898,1
2898,2968,-1
2898,2899,-1
2899,2969,1
2899,2900,1
2900,2970,1
2900,2901,1
2901,2971,-1
2901,2902,-1
2902,2972,-1
2902,2903,1
2903,2973,1
2903,2904,-1
2904,2974,1
2904,2905,1
2905,2975,1
2905,2906,-1
2906,2976,-1
2906,2907,1
2907,2977,1
2907,2908,1
2908,2978,1
2908,2909,-1
2909,2979,-1
2909,2910,1
2910,2980,-1
2910,2911,1
2911,2981,-1
2911,2912,-1
2912,2982,-1
2912,2913,1
2913,2983,-1
2913,2914,-1
2914,2984,1
2914,2915,1
2915,2985,1
2915,2916,-1
2916,2986,-1
2916,2917,1
2917,2987,1
2917,2918,-1
2918,2988,-1
2918,2919,-1
2919,2989,-1
2919,2920,1
2920,2990,1
2920,2921,-1
2921,2991,1
2921,2922,-1
2922,2992,-1
2922,2923,-1
2923,2993,-1
2923,2924,-1
2924,2994,-1
2924,2925,1
2925,2995,-1
2925,2926,-1
2926,2996,1
2926,2927,1
2927,2997,1
2927,2928,1
2928,2998,1
2928,2929,-1
2929,2999,-1
2929,2930,-1
2930,3000,1
2930,2931,1
2931,3001,1
2931,2932,-1
2932,3002,-1
2932,2933,-1
2933,3003,-1
2933,2934,1
2934,3004,-1
2934,2935,-1
2935,3005,-1
2935,2936,1
2936,3006,1
2936,2937,1
2937,3007,-1
2937,2938,-1
2938,3008,1
2938,2939,1
2939,3009,1
2939,2940,-1
2940,3010,-1
2941,3011,1
2941,3010,-1
2941,2942,1
2942,3012,-1
2942,2943,-1
2943,3013,1
2943,2944,-1
2944,3014,1
2944,2945,1
2945,3015,1
2945,2946,-1
2946,3016,-1
2946,2947,1
2947,3017,1
2947,2948,-1
2948,3018,1
2948,2949,1
2949,3019,1
2949,2950,-1
2950,3020,-1
2950,2951,1
2951,3021,1
2951,2952,-1
2952,3022,1
2952,2953,1
2953,3023,-1
2953,2954,-1
2954,3024,1
2954,2955,1
2955,3025,1
2955,2956,-1
2956,3026,-1
2956,2957,-1
2957,3027,1
2957,2958,-1
2958,3028,-1
2958,2959,1
2959,3029,-1
2959,2960,1
2960,3030,1
2960,2961,-1
2961,3031,1
2961,2962,-1
2962,3032,-1
2962,2963,1
2963,3033,1
2963,2964,-1
2964,3034,1
2964,2965,-1
2965,3035,-1
2965,2966,-1
2966,3036,-1
2966,2967,1
2967,3037,1
2967,2968,-1
2968,3038,-1
2968,2969,-1
2969,3039,-1
2969,2970,-1
2970,3040,-1
2970,2971,-1
2971,3041,-1
2971,2972,-1
2972,3042,1
2972,2973,1
2973,3043,-1
2973,2974,-1
2974,3044,1
2974,2975,1
2975,3045,-1
2975,2976,1
2976,3046,-1
2976,2977,-1
2977,3047,-1
2977,2978,1
2978,3048,1
2978,2979,-1
2979,3049,1
2979,2980,-1
2980,3050,1
2980,2981,-1
2981,3051,1
2981,2982,-1
2982,3052,-1
2982,2983,1
2983,3053,-1
2983,2984,1
2984,3054,-1
2984,2985,-1
2985,3055,-1
2985,2986,-1
2986,3056,-1
2986,2987,-1
2987,3057,-1
2987,2988,-1
2988,3058,1
2988,2989,1
2989,3059,-1
2989,2990,1
2990,3060,-1
2990,2991,1
2991,3061,-1
2991,2992,1
2992,3062,1
2992,2993,-1
2993,3063,1
2993,2994,-1
2994,3064,-1
2994,2995,-1
2995,3065,1
2995,2996,1
2996,3066,-1
2996,2997,1
2997,3067,-1
2997,2998,1
2998,3068,-1
2998,2999,-1
2999,3069,1
2999,3000,1
3000,3070,1
3000,3001,-1
3001,3071,-1
3001,3002,1
3002,3072,1
3002,3003,-1
3003,3073,-1
3003,3004,-1
3004,3074,1
3004,3005,-1
3005,3075,1
3005,3006,-1
3006,3076,1
3006,3007,1
3007,3077,1
3007,3008,1
3008,3078,-1
3008,3009,1
3009,3079,-1
3009,3010,1
3010,3080,-1
3011,3081,-1
3011,3080,1
3011,3012,-1
3012,3082,-1
3012,3013,-1
3013,3083,-1
3013,3014,-1
3014,3084,-1
3014,3015,-1
3015,3085,1
3015,3016,-1
3016,3086,1
3016,3017,-1
3017,3087,-1
3017,3018,1
3018,3088,-1
3018,3019,-1
3019,3089,-1
3019,3020,1
3020,3090,-1
3020,3021,1
3021,3091,-1
3021,3022,-1
3022,3092,1
3022,3023,1
3023,3093,1
3023,3024,-1
3024,3094,1
3024,3025,-1
3025,3095,-1
3025,3026,-1
3026,3096,1
3026,3027,1
3027,3097,1
3027,3028,-1
3028,3098,-1
3028,3029,1
3029,3099,1
3029,3030,1
3030,3100,1
3030,3031,-1
3031,3101,1
3031,3032,-1
3032,3102,-1
3032,3033,-1
3033,3103,-1
3033,3034,-1
3034,3104,1
3034,3035,-1
3035,3105,-1
3035,3036,-1
3036,3106,-1
3036,3037,-1
3037,3107,1
3037,3038,-1
3038,3108,1
3038,3039,-1
3039,3109,-1
3039,3040,1
3040,3110,-1
3040,3041,1
3041,3111,-1
3041,3042,-1
3042,3112,1
3042,3043,-1
3043,3113,1
3043,3044,1
3044,3114,-1
3044,3045,1
3045,3115,1
3045,3046,1
3046,3116,1
3046,3047,-1
3047,3117,-1
3047,3048,1
3048,3118,1
3048,3049,1
3049,3119,-1
3049,3050,-1
3050,3120,1
3050,3051,-1
3051,3121,-1
3051,3052,-1
3052,3122,-1
3052,3053,1
3053,3123,1
3053,3054,1
3054,3124,-1
3054,3055,1
3055,3125,-1
3055,3056,-1
3056,3126,-1
3056,3057,1
3057,3127,-1
3057,3058,1
3058,3128,1
3058,3059,-1
3059,3129,1
3059,3060,1
3060,3130,-1
3060,3061,1
3061,3131,-1
3061,3062,1
3062,3132,-1
3062,3063,1
3063,3133,-1
3063,3064,1
3064,3134,-1
3064,3065,1
3065,3135,1
3065,3066,-1
3066,3136,1
3066,3067,-1
3067,3137,-1
3067,3068,-1
3068,3138,1
3068,3069,-1
3069,3139,1
3069,3070,-1
3070,3140,1
3070,3071,1
3071,3141,1
3071,3072,1
3072,3142,-1
3072,3073,1
3073,3143,-1
3073,3074,-1
3074,3144,1
3074,3075,-1
3075,3145,1
3075,3076,-1
3076,3146,1
3076,3077,1
3077,3147,-1
3077,3078,1
3078,3148,1
3078,3079,1
3079,3149,-1
3079,3080,1
3080,3150,-1
3081,3151,-1
3081,3150,-1
3081,3082,1
3082,3152,1
3082,3083,-1
3083,3153,-1
3083,3084,-1
3084,3154,-1
3084,3085,-1
3085,3155,1
3085,3086,1
3086,3156,1
3086,3087,-1
3087,3157,-1
3087,3088,1
3088,3158,-1
3088,3089,1
3089,3159,-1
3089,3090,-1
3090,3160,1
3090,3091,1
3091,3161,-1
3091,3092,1
3092,3162,1
3092,3093,1
3093,3163,1
3093,3094,1
3094,3164,-1
3094,3095,-1
3095,3165,-1
3095,3096,-1
3096,3166,1
3096,3097,-1
3097,3167,-1
3097,3098,-1
3098,3168,1
3098,3099,1
3099,3169,1
3099,3100,1
3100,3170,1
3100,3101,-1
3101,3171,-1
3101,3102,1
3102,3172,1
3102,3103,-1
3103,3173,-1
3103,3104,-1
3104,3174,-1
3104,3105,-1
3105,3175,-1
3105,3106,-1
3106,3176,1
3106,3107,-1
3107,3177,1
3107,3108,-1
3108,3178,1
3108,3109,-1
3109,3179,1
3109,3110,-1
3110,3180,-1
3110,3111,1
3111,3181,-1
3111,3112,1
3112,3182,-1
3112,3113,-1
3113,3183,-1
3113,3114,-1
3114,3184,1
3114,3115,1
3115,3185,-1
3115,3116,1
3116,3186,1
3116,3117,-1
3117,3187,1
3117,3118,1
3118,3188,-1
3118,3119,-1
3119,3189,-1
3119,3120,-1
3120,3190,1
3120,3121,-1
3121,3191,-1
3121,3122,1
3122,3192,-1
3122,3123,1
3123,3193,-1
3123,3124,1
3124,3194,-1
3124,3125,1
3125,3195,1
3125,3126,1
3126,3196,1
3126,3127,1
3127,3197,1
3127,3128,1
3128,3198,-1
3128,3129,1
3129,3199,-1
3129,3130,-1
3130,3200,-1
3130,3131,-1
3131,3201,-1
3131,3132,1
3132,3202,-1
3132,3133,-1
3133,3203,-1
3133,3134,1
3134,3204,-1
3134,3135,1
3135,3205,-1
3135,3136,-1
3136,3206,-1
3136,3137,1
3137,3207,-1
3137,3138,-1
3138,3208,1
3138,3139,-1
3139,3209,1
3139,3140,-1
3140,3210,-1
3140,3141,1
3141,3211,1
3141,3142,1
3142,3212,-1
3142,3143,-1
3143,3213,-1
3143,3144,1
3144,3214,-1
3144,3145,-1
3145,3215,-1
3145,3146,-1
3146,3216,-1
3146,3147,-1
3147,3217,-1
3147,3148,1
3148,3218,-1
3148,3149,-1
3149,3219,-1
3149,3150,-1
3150,3220,-1
3151,3221,-1
3151,3220,-1
3151,3152,-1
3152,3222,-1
3152,3153,1
3153,3223,1
3153,3154,-1
3154,3224,1
3154,3155,-1
3155,3225,1
3155,3156,1
3156,3226,1
3156,3157,-1
3157,3227,-1
3157,3158,1
3158,3228,1
3158,3159,1
3159,3229,-1
3159,3160,1
3160,3230,-1
3160,3161,-1
3161,3231,1
3161,3162,-1
3162,3232,1
3162,3163,1
3163,3233,1
3163,3164,-1
3164,3234,1
3164,3165,1
3165,3235,-1
3165,3166,-1
3166,3236,-1
3166,3167,1
3167,3237,-1
3167,3168,1
3168,3238,-1
3168,3169,-1
3169,3239,-1
3169,3170,1
3170,3240,1
3170,3171,1
3171,3241,1
3171,3172,1
3172,3242,-1
3172,3173,-1
3173,3243,-1
3173,3174,-1
3174,3244,-1
3174,3175,1
3175,3245,1
3175,3176,-1
3176,3246,-1
3176,3177,1
3177,3247,-1
3177,3178,1
3178,3248,-1
3178,3179,-1
3179,3249,-1
3179,3180,1
3180,3250,1
3180,3181,1
3181,3251,1
3181,3182,1
3182,3252,1
3182,3183,1
3183,3253,-1
3183,3184,1
3184,3254,1
3184,3185,1
3185,3255,1
3185,3186,-1
3186,3256,1
3186,3187,-1
3187,3257,1
3187,3188,-1
3188,3258,-1
3188,3189,-1
3189,3259,1
3189,3190,-1
3190,3260,-1
3190,3191,1
3191,3261,-1
3191,3192,1
3192,3262,1
3192,3193,-1
3193,3263,-1
3193,3194,1
3194,3264,-1
3194,3195,-1
3195,3265,1
3195,3196,-1
3196,3266,1
3196,3197,1
3197,3267,-1
3197,3198,1
3198,3268,-1
3198,3199,-1
3199,3269,-1
3199,3200,-1
3200,3270,-1
3200,3201,1
3201,3271,1
3201,3202,1
3202,3272,1
3202,3203,-1
3203,3273,-1
3203,3204,-1
3204,3274,-1
3204,3205,-1
3205,3275,-1
3205,3206,1
3206,3276,1
3206,3207,-1
3207,3277,-1
3207,3208,-1
3208,3278,1
3208,3209,1
3209,3279,1
3209,3210,-1
3210,3280,1
3210,3211,-1
3211,3281,-1
3211,3212,1
3212,3282,1
3212,3213,1
3213,3283,1
3213,3214,-1
3214,3284,-1
3214,3215,-1
3215,3285,1
3215,3216,1
3216,3286,-1
3216,3217,-1
3217,3287,-1
3217,3218,1
3218,3288,-1
3218,3219,-1
3219,3289,1
3219,3220,1
3220,3290,1
3221,3291,-1
3221,3290,-1
3221,3222,-1
3222,3292,-1
3222,3223,-1
3223,3293,1
3223,3224,-1
3224,3294,-1
3224,3225,-1
3225,3295,1
3225,3226,1
3226,3296,-1
3226,3227,1
3227,3297,1
3227,3228,1
3228,3298,-1
3228,3229,1
3229,3299,-1
3229,3230,1
3230,3300,1
3230,3231,-1
3231,3301,-1
3231,3232,-1
3232,3302,1
3232,3233,-1
3233,3303,1
3233,3234,-1
3234,3304,-1
3234,3235,1
3235,3305,1
3235,3236,1
3236,3306,1
3236,3237,-1
3237,3307,-1
3237,3238,1
3238,3308,-1
3238,3239,1
3239,3309,1
3239,3240,-1
3240,3310,1
3240,3241,-1
3241,3311,-1
3241,3242,-1
3242,3312,1
3242,3243,1
3243,3313,1
3243,3244,1
3244,3314,-1
3244,3245,-1
3245,3315,-1
3245,3246,1
3246,3316,1
3246,3247,-1
3247,3317,1
3247,3248,-1
3248,3318,-1
3248,3249,-1
3249,3319,-1
3249,3250,-1
3250,3320,-1
3250,3251,1
3251,3321,-1
3251,3252,1
3252,3322,-1
3252,3253,1
3253,3323,-1
3253,3254,-1
3254,3324,1
3254,3255,-1
3255,3325,-1
3255,3256,1
3256,3326,-1
3256,3257,-1
3257,3327,1
3257,3258,1
3258,3328,1
3258,3259,1
3259,3329,-1
3259,3260,1
3260,3330,-1
3260,3261,-1
3261,3331,-1
3261,3262,-1
3262,3332,-1
3262,3263,-1
3263,3333,-1
3263,3264,1
3264,3334,-1
3264,3265,-1
3265,3335,-1
3265,3266,-1
3266,3336,1
3266,3267,1
3267,3337,-1
3267,3268,1
3268,3338,1
3268,3269,1
3269,3339,-1
3269,3270,1
3270,3340,-1
3270,3271,1
3271,3341,1
3271,3272,-1
3272,3342,-1
3272,3273,1
3273,3343,1
3273,3274,1
3274,3344,-1
3274,3275,-1
3275,3345,1
3275,3276,-1
3276,3346,-1
3276,3277,1
3277,3347,1
3277,3278,-1
3278,3348,-1
3278,3279,-1
3279,3349,-1
3279,3280,-1
3280,3350,1
3280,3281,1
3281,3351,-1
3281,3282,-1
3282,3352,1
3282,3283,-1
3283,3353,-1
3283,3284,-1
3284,3354,-1
3284,3285,1
3285,3355,-1
3285,3286,-1
3286,3356,-1
3286,3287,1
3287,3357,1
3287,3288,-1
3288,3358,-1
3288,3289,1
3289,3359,1
3289,3290,-1
3290,3360,1
3291,3361,-1
3291,3360,1
3291,3292,-1
3292,3362,-1
3292,3293,1
3293,3363,-1
3293,3294,-1
3294,3364,-1
3294,3295,1
3295,3365,1
3295,3296,1
3296,3366,-1
3296,3297,-1
3297,3367,-1
3297,3298,-1
3298,3368,1
3298,3299,-1
3299,3369,1
3299,3300,1
3300,3370,-1
3300,3301,-1
3301,3371,1
3301,3302,1
3302,3372,-1
3302,3303,-1
3303,3373,-1
3303,3304,1
3304,3374,1
3304,3305,1
3305,3375,-1
3305,3306,1
3306,3376,1
3306,3307,1
3307,3377,-1
3307,3308,-1
3308,3378,1
3308,3309,-1
3309,3379,1
3309,3310,-1
3310,3380,-1
3310,3311,1
3311,3381,1
3311,3312,1
3312,3382,1
3312,3313,1
3313,3383,-1
3313,3314,1
3314,3384,-1
3314,3315,1
3315,3385,-1
3315,3316,1
3316,3386,-1
3316,3317,-1
3317,3387,-1
3317,3318,1
3318,3388,1
3318,3319,1
3319,3389,-1
3319,3320,1
3320,3390,1
3320,3321,1
3321,3391,-1
3321,3322,-1
3322,3392,1
3322,3323,-1
3323,3393,1
3323,3324,-1
3324,3394,-1
3324,3325,1
3325,3395,-1
3325,3326,-1
3326,3396,-1
3326,3327,1
3327,3397,-1
3327,3328,1
3328,3398,1
3328,3329,1
3329,3399,1
3329,3330,-1
3330,3400,-1
3330,3331,1
3331,3401,-1
3331,3332,1
3332,3402,-1
3332,3333,1
3333,3403,-1
3333,3334,-1
3334,3404,-1
3334,3335,1
3335,3405,-1
3335,3336,-1
3336,3406,-1
3336,3337,1
3337,3407,-1
3337,3338,1
3338,3408,-1
3338,3339,-1
3339,3409,1
3339,3340,1
3340,3410,1
3340,3341,-1
3341,3411,-1
3341,3342,-1
3342,3412,-1
3342,3343,1
3343,3413,1
3343,3344,-1
3344,3414,1
3344,3345,1
3345,3415,1
3345,3346,1
3346,3416,1
3346,3347,1
3347,3417,-1
3347,3348,1
3348,3418,-1
3348,3349,1
3349,3419,1
3349,3350,1
3350,3420,-1
3350,3351,-1
3351,3421,1
3351,3352,1
3352,3422,-1
3352,3353,-1
3353,3423,-1
3353,3354,-1
3354,3424,-1
3354,3355,1
3355,3425,-1
3355,3356,1
3356,3426,1
3356,3357,1
3357,3427,-1
3357,3358,1
3358,3428,-1
3358,3359,-1
3359,3429,-1
3359,3360,-1
3360,3430,1
3361,3431,1
3361,3430,1
3361,3362,-1
3362,3432,-1
3362,3363,1
3363,3433,1
3363,3364,1
3364,3434,1
3364,3365,-1
3365,3435,-1
3365,3366,-1
3366,3436,1
3366,3367,1
3367,3437,1
3367,3368,-1
3368,3438,-1
3368,3369,-1
3369,3439,-1
3369,3370,1
3370,3440,1
3370,3371,-1
3371,3441,1
3371,3372,-1
3372,3442,-1
3372,3373,1
3373,3443,1
3373,3374,-1
3374,3444,1
3374,3375,1
3375,3445,-1
3375,3376,-1
3376,3446,1
3376,3377,-1
3377,3447,1
3377,3378,1
3378,3448,-1
3378,3379,1
3379,3449,-1
3379,3380,-1
3380,3450,1
3380,3381,1
3381,3451,-1
3381,3382,1
3382,3452,1
3382,3383,-1
3383,3453,1
3383,3384,1
3384,3454,1
3384,3385,-1
3385,3455,-1
3385,3386,-1
3386,3456,-1
3386,3387,-1
3387,3457,1
3387,3388,-1
3388,3458,-1
3388,3389,1
3389,3459,-1
3389,3390,1
3390,3460,-1
3390,3391,-1
3391,3461,1
3391,3392,-1
3392,3462,1
3392,3393,1
3393,3463,-1
3393,3394,1
3394,3464,-1
3394,3395,-1
3395,3465,-1
3395,3396,-1
3396,3466,-1
3396,3397,-1
3397,3467,1
3397,3398,-1
3398,3468,-1
3398,3399,-1
3399,3469,1
3399,3400,1
3400,3470,1
3400,3401,-1
3401,3471,-1
3401,3402,1
3402,3472,1
3402,3403,1
3403,3473,-1
3403,3404,-1
3404,3474,1
3404,3405,1
3405,3475,1
3405,3406,1
3406,3476,1
3406,3407,1
3407,3477,1
3407,3408,-1
3408,3478,1
3408,3409,1
3409,3479,-1
3409,3410,-1
3410,3480,-1
3410,3411,1
3411,3481,-1
3411,3412,-1
3412,3482,-1
3412,3413,-1
3413,3483,1
3413,3414,-1
3414,3484,1
3414,3415,1
3415,3485,-1
3415,3416,1
3416,3486,1
3416,3417,-1
3417,3487,-1
3417,3418,1
3418,3488,-1
3418,3419,1
3419,3489,1
3419,3420,1
3420,3490,-1
3420,3421,1
3421,3491,1
3421,3422,1
3422,3492,-1
3422,3423,-1
3423,3493,1
3423,3424,1
3424,3494,-1
3424,3425,-1
3425,3495,1
3425,3426,-1
3426,3496,1
3426,3427,-1
3427,3497,-1
3427,3428,1
3428,3498,-1
3428,3429,-1
3429,3499,1
3429,3430,1
3430,3500,-1
3431,3501,-1
3431,3500,-1
3431,3432,-1
3432,3502,-1
3432,3433,-1
3433,3503,-1
3433,3434,-1
3434,3504,-1
3434,3435,-1
3435,3505,-1
3435,3436,-1
3436,3506,1
3436,3437,-1
3437,3507,-1
3437,3438,1
3438,3508,-1
3438,3439,1
3439,3509,-1
3439,3440,1
3440,3510,-1
3440,3441,-1
3441,3511,-1
3441,3442,1
3442,3512,1
3442,3443,-1
3443,3513,-1
3443,3444,1
3444,3514,1
3444,3445,1
3445,3515,1
3445,3446,1
3446,3516,1
3446,3447,1
3447,3517,-1
3447,3448,1
3448,3518,-1
3448,3449,-1
3449,3519,-1
3449,3450,1
3450,3520,1
3450,3451,1
3451,3521,-1
3451,3452,1
3452,3522,-1
3452,3453,1
3453,3523,-1
3453,3454,-1
3454,3524,-1
3454,3455,-1
3455,3525,1
3455,3456,-1
3456,3526,1
3456,3457,1
3457,3527,-1
3457,3458,-1
3458,3528,-1
3458,3459,-1
3459,3529,1
3459,3460,-1
3460,3530,-1
3460,3461,-1
3461,3531,1
3461,3462,1
3462,3532,1
3462,3463,-1
3463,3533,1
3463,3464,1
3464,3534,-1
3464,3465,-1
3465,3535,-1
3465,3466,1
3466,3536,-1
3466,3467,-1
3467,3537,1
3467,3468,-1
3468,3538,1
3468,3469,1
3469,3539,1
3469,3470,-1
3470,3540,-1
3470,3471,-1
3471,3541,1
3471,3472,-1
3472,3542,-1
3472,3473,-1
3473,3543,1
3473,3474,1
3474,3544,1
3474,3475,-1
3475,3545,1
3475,3476,-1
3476,3546,-1
3476,3477,-1
3477,3547,1
3477,3478,1
3478,3548,1
3478,3479,-1
3479,3549,-1
3479,3480,-1
3480,3550,1
3480,3481,1
3481,3551,-1
3481,3482,1
3482,3552,-1
3482,3483,-1
3483,3553,-1
3483,3484,1
3484,3554,1
3484,3485,1
3485,3555,1
3485,3486,-1
3486,3556,1
3486,3487,-1
3487,3557,-1
3487,3488,-1
3488,3558,-1
3488,3489,-1
3489,3559,-1
3489,3490,-1
3490,3560,1
3490,3491,-1
3491,3561,1
3491,3492,-1
3492,3562,1
3492,3493,-1
3493,3563,1
3493,3494,1
3494,3564,1
3494,3495,-1
3495,3565,-1
3495,3496,-1
3496,3566,-1
3496,3497,-1
3497,3567,1
3497,3498,-1
3498,3568,1
3498,3499,1
3499,3569,-1
3499,3500,-1
3500,3570,-1
3501,3571,1
3501,3570,1
3501,3502,1
3502,3572,1
3502,3503,1
3503,3573,-1
3503,3504,-1
3504,3574,1
3504,3505,-1
3505,3575,-1
3505,3506,1
3506,3576,1
3506,3507,1
3507,3577,-1
3507,3508,1
3508,3578,1
3508,3509,1
3509,3579,1
3509,3510,-1
3510,3580,1
3510,3511,-1
3511,3581,-1
3511,3512,-1
3512,3582,-1
3512,3513,-1
3513,3583,1
3513,3514,1
3514,3584,1
3514,3515,-1
3515,3585,-1
3515,3516,-1
3516,3586,-1
3516,3517,1
3517,3587,-1
3517,3518,-1
3518,3588,1
3518,3519,1
3519,3589,-1
3519,3520,-1
3520,3590,-1
3520,3521,1
3521,3591,1
3521,3522,-1
3522,3592,-1
3522,3523,-1
3523,3593,-1
3523,3524,1
3524,3594,-1
3524,3525,1
3525,3595,1
3525,3526,-1
3526,3596,1
3526,3527,-1
3527,3597,-1
3527,3528,-1
3528,3598,-1
3528,3529,1
3529,3599,-1
3529,3530,1
3530,3600,1
3530,3531,-1
3531,3601,-1
3531,3532,1
3532,3602,-1
3532,3533,-1
3533,3603,-1
3533,3534,1
3534,3604,-1
3534,3535,-1
3535,3605,-1
3535,3536,1
3536,3606,-1
3536,3537,-1
3537,3607,1
3537,3538,1
3538,3608,-1
3538,3539,-1
3539,3609,-1
3539,3540,-1
3540,3610,-1
3540,3541,1
3541,3611,-1
3541,3542,-1
3542,3612,-1
3542,3543,1
3543,3613,-1
3543,3544,-1
3544,3614,1
3544,3545,1
3545,3615,-1
3545,3546,-1
3546,3616,1
3546,3547,-1
3547,3617,1
3547,3548,1
3548,3618,1
3548,3549,1
3549,3619,-1
3549,3550,1
3550,3620,-1
3550,3551,-1
3551,3621,-1
3551,3552,1
3552,3622,-1
3552,3553,-1
3553,3623,1
3553,3554,1
3554,3624,-1
3554,3555,1
3555,3625,-1
3555,3556,-1
3556,3626,-1
3556,3557,1
3557,3627,-1
3557,3558,1
3558,3628,-1
3558,3559,-1
3559,3629,1
3559,3560,1
3560,3630,-1
3560,3561,-1
3561,3631,-1
3561,3562,1
3562,3632,-1
3562,3563,-1
3563,3633,1
3563,3564,1
3564,3634,1
3564,3565,1
3565,3635,1
3565,3566,-1
3566,3636,-1
3566,3567,1
3567,3637,-1
3567,3568,-1
3568,3638,-1
3568,3569,1
3569,3639,1
3569,3570,-1
3570,3640,1
3571,3641,1
3571,3640,-1
3571,3572,-1
3572,3642,-1
3572,3573,-1
3573,3643,1
3573,3574,-1
3574,3644,-1
3574,3575,-1
3575,3645,1
3575,3576,-1
3576,3646,1
3576,3577,-1
3577,3647,1
3577,3578,-1
3578,3648,1
3578,3579,-1
3579,3649,1
3579,3580,-1
3580,3650,1
3580,3581,1
3581,3651,1
3581,3582,-1
3582,3652,-1
3582,3583,1
3583,3653,-1
3583,3584,1
3584,3654,1
3584,3585,-1
3585,3655,1
3585,3586,1
3586,3656,-1
3586,3587,1
3587,3657,-1
3587,3588,1
3588,3658,-1
3588,3589,-1
3589,3659,-1
3589,3590,-1
3590,3660,1
3590,3591,-1
3591,3661,-1
3591,3592,-1
3592,3662,1
3592,3593,-1
3593,3663,-1
3593,3594,-1
3594,3664,1
3594,3595,1
3595,3665,1
3595,3596,-1
3596,3666,1
3596,3597,-1
3597,3667,1
3597,3598,-1
3598,3668,-1
3598,3599,-1
3599,3669,1
3599,3600,-1
3600,3670,1
3600,3601,-1
3601,3671,-1
3601,3602,1
3602,3672,1
3602,3603,1
3603,3673,1
3603,3604,1
3604,3674,1
3604,3605,1
3605,3675,-1
3605,3606,-1
3606,3676,1
3606,3607,1
3607,3677,1
3607,3608,-1
3608,3678,-1
3608,3609,1
3609,3679,1
3609,3610,1
3610,3680,1
3610,3611,-1
3611,3681,1
3611,3612,-1
3612,3682,1
3612,3613,1
3613,3683,-1
3613,3614,1
3614,3684,1
3614,3615,-1
3615,3685,1
3615,3616,-1
3616,3686,1
3616,3617,-1
3617,3687,-1
3617,3618,1
3618,3688,1
3618,3619,-1
3619,3689,1
3619,3620,1
3620,3690,1
3620,3621,-1
3621,3691,1
3621,3622,1
3622,3692,-1
3622,3623,-1
3623,3693,-1
3623,3624,1
3624,3694,1
3624,3625,1
3625,3695,1
3625,3626,-1
3626,3696,1
3626,3627,-1
3627,3697,1
3627,3628,-1
3628,3698,-1
3628,3629,-1
3629,3699,-1
3629,3630,-1
3630,3700,-1
3630,3631,-1
3631,3701,-1
3631,3632,-1
3632,3702,1
3632,3633,1
3633,3703,-1
3633,3634,1
3634,3704,-1
3634,3635,1
3635,3705,-1
3635,3636,-1
3636,3706,1
3636,3637,-1
3637,3707,1
3637,3638,-1
3638,3708,1
3638,3639,1
3639,3709,1
3639,3640,1
3640,3710,-1
3641,3711,-1
3641,3710,1
3641,3642,1
3642,3712,1
3642,3643,1
3643,3713,1
3643,3644,1
3644,3714,-1
3644,3645,1
3645,3715,-1
3645,3646,-1
3646,3716,1
3646,3647,-1
3647,3717,-1
3647,3648,-1
3648,3718,-1
3648,3649,1
3649,3719,-1
3649,3650,1
3650,3720,1
3650,3651,-1
3651,3721,-1
3651,3652,1
3652,3722,-1
3652,3653,1
3653,3723,1
3653,3654,-1
3654,3724,1
3654,3655,1
3655,3725,-1
3655,3656,1
3656,3726,1
3656,3657,1
3657,3727,-1
3657,3658,1
3658,3728,-1
3658,3659,1
3659,3729,1
3659,3660,1
3660,3730,-1
3660,3661,-1
3661,3731,1
3661,3662,1
3662,3732,1
3662,3663,-1
3663,3733,1
3663,3664,-1
3664,3734,1
3664,3665,-1
3665,3735,1
3665,3666,1
3666,3736,1
3666,3667,-1
3667,3737,-1
3667,3668,1
3668,3738,1
3668,3669,1
3669,3739,-1
3669,3670,1
3670,3740,-1
3670,3671,1
3671,3741,1
3671,3672,-1
3672,3742,1
3672,3673,-1
3673,3743,-1
3673,3674,1
3674,3744,-1
3674,3675,-1
3675,3745,1
3675,3676,1
3676,3746,1
3676,3677,1
3677,3747,1
3677,3678,1
3678,3748,1
3678,3679,1
3679,3749,-1
3679,3680,-1
3680,3750,1
3680,3681,-1
3681,3751,-1
3681,3682,-1
3682,3752,1
3682,3683,1
3683,3753,-1
3683,3684,1
3684,3754,1
3684,3685,-1
3685,3755,1
3685,3686,1
3686,3756,-1
3686,3687,1
3687,3757,-1
3687,3688,-1
3688,3758,-1
3688,3689,-1
3689,3759,-1
3689,3690,-1
3690,3760,1
3690,3691,1
3691,3761,1
3691,3692,-1
3692,3762,-1
3692,3693,1
3693,3763,-1
3693,3694,1
3694,3764,-1
3694,3695,1
3695,3765,1
3695,3696,-1
3696,3766,-1
3696,3697,-1
3697,3767,-1
3697,3698,1
3698,3768,1
3698,3699,-1
3699,3769,1
3699,3700,-1
3700,3770,-1
3700,3701,1
3701,3771,1
3701,3702,1
3702,3772,1
3702,3703,-1
3703,3773,1
3703,3704,1
3704,3774,-1
3704,3705,-1
3705,3775,-1
3705,3706,-1
3706,3776,-1
3706,3707,-1
3707,3777,1
3707,3708,1
3708,3778,1
3708,3709,1
3709,3779,-1
3709,3710,-1
3710,3780,-1
3711,3781,1
3711,3780,-1
3711,3712,1
3712,3782,-1
3712,3713,1
3713,3783,1
3713,3714,-1
3714,3784,1
3714,3715,-1
3715,3785,1
3715,3716,-1
3716,3786,-1
3716,3717,-1
3717,3787,1
3717,3718,1
3718,3788,1
3718,3719,-1
3719,3789,1
3719,3720,-1
3720,3790,1
3720,3721,1
3721,3791,-1
3721,3722,1
3722,3792,1
3722,3723,1
3723,3793,1
3723,3724,-1
3724,3794,-1
3724,3725,-1
3725,3795,-1
3725,3726,-1
3726,3796,-1
3726,3727,-1
3727,3797,1
3727,3728,-1
3728,3798,-1
3728,3729,-1
3729,3799,1
3729,3730,-1
3730,3800,-1
3730,3731,1
3731,3801,1
3731,3732,-1
3732,3802,-1
3732,3733,-1
3733,3803,-1
3733,3734,1
3734,3804,-1
3734,3735,1
3735,3805,1
3735,3736,-1
3736,3806,-1
3736,3737,-1
3737,3807,1
3737,3738,1
3738,3808,1
3738,3739,-1
3739,3809,-1
3739,3740,1
3740,3810,1
3740,3741,1
3741,3811,-1
3741,3742,-1
3742,3812,-1
3742,3743,1
3743,3813,-1
3743,3744,1
3744,3814,1
3744,3745,-1
3745,3815,-1
3745,3746,1
3746,3816,-1
3746,3747,-1
3747,3817,-1
3747,3748,1
3748,3818,1
3748,3749,-1
3749,3819,1
3749,3750,1
3750,3820,-1
3750,3751,-1
3751,3821,1
3751,3752,1
3752,3822,-1
3752,3753,-1
3753,3823,-1
3753,3754,1
3754,3824,-1
3754,3755,-1
3755,3825,-1
3755,3756,1
3756,3826,1
3756,3757,1
3757,3827,1
3757,3758,-1
3758,3828,-1
3758,3759,1
3759,3829,-1
3759,3760,-1
3760,3830,1
3760,3761,1
3761,3831,-1
3761,3762,1
3762,3832,-1
3762,3763,-1
3763,3833,-1
3763,3764,1
3764,3834,-1
3764,3765,1
3765,3835,-1
3765,3766,-1
3766,3836,1
3766,3767,1
3767,3837,-1
3767,3768,1
3768,3838,-1
3768,3769,1
3769,3839,-1
3769,3770,-1
3770,3840,1
3770,3771,1
3771,3841,1
3771,3772,1
3772,3842,1
3772,3773,1
3773,3843,1
3773,3774,1
3774,3844,1
3774,3775,1
3775,3845,-1
3775,3776,1
3776,3846,-1
3776,3777,-1
3777,3847,1
3777,3778,1
3778,3848,1
3778,3779,1
3779,3849,1
3779,3780,-1
3780,3850,1
3781,3851,1
3781,3850,-1
3781,3782,-1
3782,3852,-1
3782,3783,1
3783,3853,-1
3783,3784,-1
3784,3854,1
3784,3785,1
3785,3855,-1
3785,3786,1
3786,3856,1
3786,3787,1
3787,3857,1
3787,3788,-1
3788,3858,1
3788,3789,1
3789,3859,-1
3789,3790,1
3790,3860,1
3790,3791,-1
3791,3861,1
3791,3792,1
3792,3862,1
3792,3793,-1
3793,3863,1
3793,3794,-1
3794,3864,-1
3794,3795,-1
3795,3865,1
3795,3796,-1
3796,3866,-1
3796,3797,-1
3797,3867,1
3797,3798,-1
3798,3868,-1
3798,3799,-1
3799,3869,1
3799,3800,1
3800,3870,-1
3800,3801,1
3801,3871,1
3801,3802,1
3802,3872,1
3802,3803,-1
3803,3873,-1
3803,3804,1
3804,3874,-1
3804,3805,-1
3805,3875,1
3805,3806,1
3806,3876,1
3806,3807,-1
3807,3877,-1
3807,3808,-1
3808,3878,1
3808,3809,-1
3809,3879,1
3809,3810,1
3810,3880,1
3810,3811,1
3811,3881,-1
3811,3812,-1
3812,3882,1
3812,3813,-1
3813,3883,-1
3813,3814,-1
3814,3884,-1
3814,3815,-1
3815,3885,1
3815,3816,-1
3816,3886,1
3816,3817,1
3817,3887,-1
3817,3818,-1
3818,3888,1
3818,3819,1
3819,3889,1
3819,3820,-1
3820,3890,-1
3820,3821,1
3821,3891,-1
3821,3822,1
3822,3892,1
3822,3823,-1
3823,3893,1
3823,3824,1
3824,3894,1
3824,3825,-1
3825,3895,1
3825,3826,1
3826,3896,-1
3826,3827,1
3827,3897,1
3827,3828,1
3828,3898,-1
3828,3829,1
3829,3899,1
3829,3830,1
3830,3900,1
3830,3831,-1
3831,3901,-1
3831,3832,1
3832,3902,-1
3832,3833,-1
3833,3903,-1
3833,3834,1
3834,3904,1
3834,3835,1
3835,3905,1
3835,3836,1
3836,3906,1
3836,3837,1
3837,3907,1
3837,3838,1
3838,3908,-1
3838,3839,-1
3839,3909,-1
3839,3840,1
3840,3910,1
3840,3841,-1
3841,3911,-1
3841,3842,-1
3842,3912,1
3842,3843,1
3843,3913,1
3843,3844,-1
3844,3914,1
3844,3845,-1
3845,3915,1
3845,3846,-1
3846,3916,-1
3846,3847,1
3847,3917,-1
3847,3848,1
3848,3918,1
3848,3849,-1
3849,3919,1
3849,3850,1
3850,3920,-1
3851,3921,-1
3851,3920,-1
3851,3852,1
3852,3922,1
3852,3853,1
3853,3923,1
3853,3854,-1
3854,3924,-1
3854,3855,-1
3855,3925,1
3855,3856,1
3856,3926,-1
3856,3857,-1
3857,3927,1
3857,3858,1
3858,3928,1
3858,3859,-1
3859,3929,-1
3859,3860,1
3860,3930,-1
3860,3861,-1
3861,3931,-1
3861,3862,-1
3862,3932,-1
3862,3863,1
3863,3933,1
3863,3864,-1
3864,3934,1
3864,3865,-1
3865,3935,-1
3865,3866,-1
3866,3936,1
3866,3867,1
3867,3937,-1
3867,3868,1
3868,3938,1
3868,3869,1
3869,3939,-1
3869,3870,-1
3870,3940,-1
3870,3871,1
3871,3941,1
3871,3872,1
3872,3942,-1
3872,3873,-1
3873,3943,1
3873,3874,-1
3874,3944,-1
3874,3875,-1
3875,3945,1
3875,3876,1
3876,3946,1
3876,3877,1
3877,3947,1
3877,3878,1
3878,3948,1
3878,3879,-1
3879,3949,-1
3879,3880,-1
3880,3950,-1
3880,3881,-1
3881,3951,-1
3881,3882,1
3882,3952,1
3882,3883,-1
3883,3953,1
3883,3884,-1
3884,3954,-1
3884,3885,1
3885,3955,1
3885,3886,-1
3886,3956,1
3886,3887,-1
3887,3957,-1
3887,3888,-1
3888,3958,1
3888,3889,-1
3889,3959,-1
3889,3890,1
3890,3960,1
3890,3891,-1
3891,3961,1
3891,3892,1
3892,3962,1
3892,3893,1
3893,3963,-1
3893,3894,1
3894,3964,1
3894,3895,1
3895,3965,-1
3895,3896,-1
3896,3966,-1
3896,3897,-1
3897,3967,-1
3897,3898,-1
3898,3968,-1
3898,3899,-1
3899,3969,1
3899,3900,-1
3900,3970,1
3900,3901,1
3901,3971,-1
3901,3902,-1
3902,3972,1
3902,3903,-1
3903,3973,1
3903,3904,-1
3904,3974,-1
3904,3905,1
3905,3975,-1
3905,3906,-1
3906,3976,1
3906,3907,-1
3907,3977,-1
3907,3908,-1
3908,3978,-1
3908,3909,1
3909,3979,1
3909,3910,-1
3910,3980,1
3910,3911,1
3911,3981,-1
3911,3912,-1
3912,3982,1
3912,3913,-1
3913,3983,-1
3913,3914,-1
3914,3984,1
3914,3915,1
3915,3985,-1
3915,3916,1
3916,3986,1
3916,3917,-1
3917,3987,1
3917,3918,1
3918,3988,1
3918,3919,-1
3919,3989,-1
3919,3920,-1
3920,3990,-1
3921,3991,1
3921,3990,-1
3921,3922,1
3922,3992,1
3922,3923,-1
3923,3993,-1
3923,3924,-1
3924,3994,-1
3924,3925,1
3925,3995,-1
3925,3926,-1
3926,3996,1
3926,3927,1
3927,3997,-1
3927,3928,1
3928,3998,1
3928,3929,-1
3929,3999,-1
3929,3930,-1
3930,4000,-1
3930,3931,1
3931,4001,-1
3931,3932,-1
3932,4002,1
3932,3933,1
3933,4003,-1
3933,3934,-1
3934,4004,1
3934,3935,-1
3935,4005,-1
3935,3936,1
3936,4006,-1
3936,3937,1
3937,4007,-1
3937,3938,-1
3938,4008,1
3938,3939,-1
3939,4009,-1
3939,3940,-1
3940,4010,-1
3940,3941,-1
3941,4011,-1
3941,3942,1
3942,4012,-1
3942,3943,-1
3943,4013,-1
3943,3944,-1
3944,4014,-1
3944,3945,1
3945,4015,-1
3945,3946,1
3946,4016,1
3946,3947,-1
3947,4017,-1
3947,3948,1
3948,4018,1
3948,3949,-1
3949,4019,-1
3949,3950,1
3950,4020,-1
3950,3951,-1
3951,4021,-1
3951,3952,1
3952,4022,-1
3952,3953,-1
3953,4023,-1
3953,3954,-1
3954,4024,1
3954,3955,1
3955,4025,-1
3955,3956,-1
3956,4026,-1
3956,3957,-1
3957,4027,-1
3957,3958,1
3958,4028,1
3958,3959,1
3959,4029,1
3959,3960,1
3960,4030,-1
3960,3961,-1
3961,4031,1
3961,3962,1
3962,4032,-1
3962,3963,-1
3963,4033,1
3963,3964,-1
3964,4034,1
3964,3965,-1
3965,4035,-1
3965,3966,1
3966,4036,-1
3966,3967,1
3967,4037,1
3967,3968,1
3968,4038,-1
3968,3969,-1
3969,4039,-1
3969,3970,1
3970,4040,-1
3970,3971,1
3971,4041,1
3971,3972,-1
3972,4042,1
3972,3973,-1
3973,4043,1
3973,3974,-1
3974,4044,-1
3974,3975,-1
3975,4045,-1
3975,3976,-1
3976,4046,-1
3976,3977,-1
3977,4047,-1
3977,3978,-1
3978,4048,-1
3978,3979,1
3979,4049,1
3979,3980,1
3980,4050,1
3980,3981,1
3981,4051,1
3981,3982,1
3982,4052,-1
3982,3983,-1
3983,4053,1
3983,3984,-1
3984,4054,-1
3984,3985,-1
3985,4055,1
3985,3986,-1
3986,4056,-1
3986,3987,-1
3987,4057,1
3987,3988,1
3988,4058,-1
3988,3989,1
3989,4059,-1
3989,3990,1
3990,4060,1
3991,4061,-1
3991,4060,-1
3991,3992,1
3992,4062,1
3992,3993,1
3993,4063,1
3993,3994,-1
3994,4064,1
3994,3995,-1
3995,4065,1
3995,3996,-1
3996,4066,-1
3996,3997,-1
3997,4067,-1
3997,3998,1
3998,4068,1
3998,3999,1
3999,4069,-1
3999,4000,1
4000,4070,-1
4000,4001,-1
4001,4071,1
4001,4002,1
4002,4072,1
4002,4003,1
4003,4073,-1
4003,4004,-1
4004,4074,1
4004,4005,1
4005,4075,-1
4005,4006,-1
4006,4076,-1
4006,4007,1
4007,4077,-1
4007,4008,-1
4008,4078,1
4008,4009,1
4009,4079,-1
4009,4010,1
4010,4080,1
4010,4011,1
4011,4081,1
4011,4012,1
4012,4082,1
4012,4013,-1
4013,4083,1
4013,4014,1
4014,4084,-1
4014,4015,1
4015,4085,-1
4015,4016,-1
4016,4086,-1
4016,4017,1
4017,4087,-1
4017,4018,-1
4018,4088,-1
4018,4019,1
4019,4089,1
4019,4020,1
4020,4090,-1
4020,4021,-1
4021,4091,1
4021,4022,1
4022,4092,1
4022,4023,-1
4023,4093,1
4023,4024,1
4024,4094,1
4024,4025,1
4025,4095,1
4025,4026,1
4026,4096,-1
4026,4027,-1
4027,4097,1
4027,4028,-1
4028,4098,1
4028,4029,1
4029,4099,1
4029,4030,1
4030,4100,-1
4030,4031,1
4031,4101,-1
4031,4032,-1
4032,4102,1
4032,4033,1
4033,4103,1
4033,4034,-1
4034,4104,1
4034,4035,1
4035,4105,1
4035,4036,1
4036,4106,-1
4036,4037,-1
4037,4107,-1
4037,4038,-1
4038,4108,1
4038,4039,-1
4039,4109,1
4039,4040,1
4040,4110,1
4040,4041,1
4041,4111,1
4041,4042,1
4042,4112,-1
4042,4043,-1
4043,4113,1
4043,4044,1
4044,4114,1
4044,4045,-1
4045,4115,1
4045,4046,1
4046,4116,-1
4046,4047,1
4047,4117,1
4047,4048,-1
4048,4118,1
4048,4049,-1
4049,4119,1
4049,4050,1
4050,4120,-1
4050,4051,1
4051,4121,-1
4051,4052,-1
4052,4122,1
4052,4053,-1
4053,4123,-1
4053,4054,1
4054,4124,1
4054,4055,-1
4055,4125,1
4055,4056,1
4056,4126,-1
4056,4057,-1
4057,4127,1
4057,4058,1
4058,4128,1
4058,4059,-1
4059,4129,-1
4059,4060,-1
4060,4130,1
4061,4131,1
4061,4130,-1
4061,4062,-1
4062,4132,-1
4062,4063,1
4063,4133,-1
4063,4064,-1
4064,4134,-1
4064,4065,-1
4065,4135,1
4065,4066,-1
4066,4136,-1
4066,4067,-1
4067,4137,1
4067,4068,-1
4068,4138,1
4068,4069,1
4069,4139,1
4069,4070,1
4070,4140,1
4070,4071,1
4071,4141,1
4071,4072,-1
4072,4142,1
4072,4073,1
4073,4143,-1
4073,4074,1
4074,4144,-1
4074,4075,-1
4075,4145,1
4075,4076,-1
4076,4146,-1
4076,4077,-1
4077,4147,1
4077,4078,1
4078,4148,-1
4078,4079,1
4079,4149,-1
4079,4080,1
4080,4150,-1
4080,4081,-1
4081,4151,-1
4081,4082,1
4082,4152,1
4082,4083,-1
4083,4153,-1
4083,4084,1
4084,4154,1
4084,4085,-1
4085,4155,1
4085,4086,1
4086,4156,1
4086,4087,1
4087,4157,1
4087,4088,1
4088,4158,-1
4088,4089,1
4089,4159,-1
4089,4090,1
4090,4160,1
4090,4091,-1
4091,4161,-1
4091,4092,1
4092,4162,1
4092,4093,1
4093,4163,-1
4093,4094,1
4094,4164,1
4094,4095,1
4095,4165,1
4095,4096,1
4096,4166,-1
4096,4097,1
4097,4167,-1
4097,4098,-1
4098,4168,-1
4098,4099,1
4099,4169,-1
4099,4100,1
4100,4170,-1
4100,4101,-1
4101,4171,1
4101,4102,-1
4102,4172,-1
4102,4103,-1
4103,4173,-1
4103,4104,1
4104,4174,1
4104,4105,-1
4105,4175,-1
4105,4106,1
4106,4176,1
4106,4107,-1
4107,4177,1
4107,4108,-1
4108,4178,1
4108,4109,-1
4109,4179,1
4109,4110,1
4110,4180,1
4110,4111,-1
4111,4181,-1
4111,4112,-1
4112,4182,1
4112,4113,-1
4113,4183,-1
4113,4114,-1
4114,4184,-1
4114,4115,1
4115,4185,-1
4115,4116,1
4116,4186,1
4116,4117,1
4117,4187,1
4117,4118,-1
4118,4188,1
4118,4119,1
4119,4189,1
4119,4120,1
4120,4190,1
4120,4121,1
4121,4191,1
4121,4122,-1
4122,4192,1
4122,4123,1
4123,4193,-1
4123,4124,-1
4124,4194,1
4124,4125,-1
4125,4195,-1
4125,4126,-1
4126,4196,-1
4126,4127,1
4127,4197,1
4127,4128,-1
4128,4198,-1
4128,4129,1
4129,4199,-1
4129,4130,1
4130,4200,1
4131,4201,1
4131,4200,-1
4131,4132,-1
4132,4202,-1
4132,4133,1
4133,4203,-1
4133,4134,1
4134,4204,-1
4134,4135,-1
4135,4205,1
4135,4136,-1
4136,4206,-1
4136,4137,-1
4137,4207,-1
4137,4138,-1
4138,4208,1
4138,4139,1
4139,4209,-1
4139,4140,-1
4140,4210,-1
4140,4141,-1
4141,4211,-1
4141,4142,1
4142,4212,1
4142,4143,1
4143,4213,1
4143,4144,1
4144,4214,-1
4144,4145,1
4145,4215,-1
4145,4146,-1
4146,4216,-1
4146,4147,-1
4147,4217,-1
4147,4148,-1
4148,4218,1
4148,4149,1
4149,4219,-1
4149,4150,-1
4150,4220,-1
4150,4151,-1
4151,4221,1
4151,4152,-1
4152,4222,1
4152,4153,-1
4153,4223,1
4153,4154,-1
4154,4224,-1
4154,4155,1
4155,4225,1
4155,4156,-1
4156,4226,1
4156,4157,-1
4157,4227,-1
4157,4158,1
4158,4228,1
4158,4159,1
4159,4229,1
4159,4160,1
4160,4230,-1
4160,4161,-1
4161,4231,-1
4161,4162,1
4162,4232,1
4162,4163,-1
4163,4233,1
4163,4164,1
4164,4234,1
4164,4165,-1
4165,4235,1
4165,4166,-1
4166,4236,1
4166,4167,-1
4167,4237,1
4167,4168,-1
4168,4238,-1
4168,4169,-1
4169,4239,1
4169,4170,-1
4170,4240,-1
4170,4171,1
4171,4241,1
4171,4172,1
4172,4242,1
4172,4173,1
4173,4243,1
4173,4174,-1
4174,4244,1
4174,4175,-1
4175,4245,1
4175,4176,-1
4176,4246,1
4176,4177,-1
4177,4247,1
4177,4178,1
4178,4248,-1
4178,4179,-1
4179,4249,-1
4179,4180,1
4180,4250,-1
4180,4181,-1
4181,4251,-1
4181,4182,1
4182,4252,-1
4182,4183,-1
4183,4253,1
4183,4184,1
4184,4254,1
4184,4185,1
4185,4255,1
4185,4186,-1
4186,4256,1
4186,4187,-1
4187,4257,1
4187,4188,1
4188,4258,-1
4188,4189,-1
4189,4259,1
4189,4190,1
4190,4260,-1
4190,4191,1
4191,4261,-1
4191,4192,-1
4192,4262,-1
4192,4193,1
4193,4263,-1
4193,4194,1
4194,4264,1
4194,4195,1
4195,4265,1
4195,4196,-1
4196,4266,1
4196,4197,1
4197,4267,-1
4197,4198,1
4198,4268,-1
4198,4199,1
4199,4269,-1
4199,4200,1
4200,4270,1
4201,4271,1
4201,4270,1
4201,4202,-1
4202,4272,-1
4202,4203,1
4203,4273,1
4203,4204,-1
4204,4274,1
4204,4205,-1
4205,4275,1
4205,4206,-1
4206,4276,-1
4206,4207,-1
4207,4277,-1
4207,4208,-1
4208,4278,-1
4208,4209,1
4209,4279,-1
4209,4210,1
4210,4280,1
4210,4211,1
4211,4281,1
4211,4212,-1
4212,4282,-1
4212,4213,-1
4213,4283,1
4213,4214,1
4214,4284,-1
4214,4215,-1
4215,4285,1
4215,4216,1
4216,4286,1
4216,4217,1
4217,4287,-1
4217,4218,-1
4218,4288,-1
4218,4219,-1
4219,4289,1
4219,4220,-1
4220,4290,-1
4220,4221,1
4221,4291,1
4221,4222,1
4222,4292,1
4222,4223,-1
4223,4293,-1
4223,4224,1
4224,4294,1
4224,4225,1
4225,4295,1
4225,4226,-1
4226,4296,-1
4226,4227,1
4227,4297,-1
4227,4228,1
4228,4298,-1
4228,4229,-1
4229,4299,-1
4229,4230,1
4230,4300,1
4230,4231,-1
4231,4301,-1
4231,4232,1
4232,4302,-1
4232,4233,1
4233,4303,-1
4233,4234,1
4234,4304,1
4234,4235,1
4235,4305,1
4235,4236,-1
4236,4306,1
4236,4237,1
4237,4307,-1
4237,4238,-1
4238,4308,1
4238,4239,1
4239,4309,1
4239,4240,-1
4240,4310,1
4240,4241,1
4241,4311,-1
4241,4242,1
4242,4312,-1
4242,4243,1
4243,4313,-1
4243,4244,-1
4244,4314,-1
4244,4245,-1
4245,4315,-1
4245,4246,1
4246,4316,1
4246,4247,1
4247,4317,1
4247,4248,-1
4248,4318,-1
4248,4249,1
4249,4319,1
4249,4250,1
4250,4320,-1
4250,4251,-1
4251,4321,1
4251,4252,-1
4252,4322,1
4252,4253,-1
4253,4323,1
4253,4254,1
4254,4324,-1
4254,4255,-1
4255,4325,-1
4255,4256,1
4256,4326,1
4256,4257,1
4257,4327,-1
4257,4258,-1
4258,4328,-1
4258,4259,1
4259,4329,1
4259,4260,-1
4260,4330,1
4260,4261,1
4261,4331,1
4261,4262,-1
4262,4332,-1
4262,4263,1
4263,4333,-1
4263,4264,-1
4264,4334,-1
4264,4265,-1
4265,4335,-1
4265,4266,-1
4266,4336,-1
4266,4267,-1
4267,4337,1
4267,4268,1
4268,4338,1
4268,4269,1
4269,4339,1
4269,4270,1
4270,4340,-1
4271,4341,1
4271,4340,-1
4271,4272,-1
4272,4342,-1
4272,4273,1
4273,4343,-1
4273,4274,1
4274,4344,1
4274,4275,-1
4275,4345,-1
4275,4276,1
4276,4346,1
4276,4277,-1
4277,4347,-1
4277,4278,1
4278,4348,1
4278,4279,1
4279,4349,1
4279,4280,-1
4280,4350,-1
4280,4281,1
4281,4351,-1
4281,4282,1
4282,4352,1
4282,4283,-1
4283,4353,-1
4283,4284,-1
4284,4354,1
4284,4285,1
4285,4355,-1
4285,4286,1
4286,4356,-1
4286,4287,-1
4287,4357,1
4287,4288,-1
4288,4358,-1
4288,4289,1
4289,4359,1
4289,4290,-1
4290,4360,-1
4290,4291,-1
4291,4361,-1
4291,4292,-1
4292,4362,1
4292,4293,-1
4293,4363,1
4293,4294,-1
4294,4364,1
4294,4295,-1
4295,4365,1
4295,4296,1
4296,4366,-1
4296,4297,1
4297,4367,-1
4297,4298,1
4298,4368,1
4298,4299,1
4299,4369,1
4299,4300,1
4300,4370,1
4300,4301,-1
4301,4371,1
4301,4302,-1
4302,4372,1
4302,4303,-1
4303,4373,-1
4303,4304,-1
4304,4374,1
4304,4305,-1
4305,4375,1
4305,4306,-1
4306,4376,1
4306,4307,1
4307,4377,-1
4307,4308,-1
4308,4378,1
4308,4309,-1
4309,4379,1
4309,4310,1
4310,4380,1
4310,4311,1
4311,4381,-1
4311,4312,-1
4312,4382,1
4312,4313,1
4313,4383,-1
4313,4314,1
4314,4384,1
4314,4315,-1
4315,4385,-1
4315,4316,-1
4316,4386,1
4316,4317,1
4317,4387,-1
4317,4318,1
4318,4388,1
4318,4319,-1
4319,4389,-1
4319,4320,1
4320,4390,1
4320,4321,-1
4321,4391,-1
4321,4322,-1
4322,4392,1
4322,4323,1
4323,4393,-1
4323,4324,1
4324,4394,-1
4324,4325,1
4325,4395,1
4325,4326,1
4326,4396,1
4326,4327,1
4327,4397,-1
4327,4328,-1
4328,4398,-1
4328,4329,-1
4329,4399,-1
4329,4330,1
4330,4400,1
4330,4331,-1
4331,4401,-1
4331,4332,-1
4332,4402,1
4332,4333,1
4333,4403,-1
4333,4334,1
4334,4404,1
4334,4335,-1
4335,4405,1
4335,4336,1
4336,4406,1
4336,4337,1
4337,4407,-1
4337,4338,1
4338,4408,-1
4338,4339,-1
4339,4409,1
4339,4340,-1
4340,4410,1
4341,4411,1
4341,4410,1
4341,4342,1
4342,4412,1
4342,4343,-1
4343,4413,1
4343,4344,-1
4344,4414,1
4344,4345,1
4345,4415,1
4345,4346,-1
4346,4416,-1
4346,4347,-1
4347,4417,-1
4347,4348,1
4348,4418,1
4348,4349,1
4349,4419,-1
4349,4350,-1
4350,4420,1
4350,4351,-1
4351,4421,1
4351,4352,1
4352,4422,-1
4352,4353,1
4353,4423,-1
4353,4354,-1
4354,4424,1
4354,4355,-1
4355,4425,1
4355,4356,1
4356,4426,-1
4356,4357,1
4357,4427,-1
4357,4358,1
4358,4428,-1
4358,4359,-1
4359,4429,1
4359,4360,-1
4360,4430,1
4360,4361,1
4361,4431,-1
4361,4362,1
4362,4432,-1
4362,4363,-1
4363,4433,-1
4363,4364,1
4364,4434,1
4364,4365,-1
4365,4435,-1
4365,4366,1
4366,4436,-1
4366,4367,1
4367,4437,1
4367,4368,1
4368,4438,-1
4368,4369,-1
4369,4439,1
4369,4370,-1
4370,4440,1
4370,4371,-1
4371,4441,-1
4371,4372,-1
4372,4442,1
4372,4373,-1
4373,4443,-1
4373,4374,-1
4374,4444,1
4374,4375,1
4375,4445,-1
4375,4376,1
4376,4446,1
4376,4377,-1
4377,4447,1
4377,4378,1
4378,4448,-1
4378,4379,-1
4379,4449,1
4379,4380,-1
4380,4450,1
4380,4381,1
4381,4451,-1
4381,4382,1
4382,4452,1
4382,4383,1
4383,4453,-1
4383,4384,1
4384,4454,-1
4384,4385,1
4385,4455,-1
4385,4386,-1
4386,4456,1
4386,4387,1
4387,4457,1
4387,4388,-1
4388,4458,-1
4388,4389,-1
4389,4459,1
4389,4390,-1
4390,4460,-1
4390,4391,1
4391,4461,-1
4391,4392,-1
4392,4462,-1
4392,4393,-1
4393,4463,1
4393,4394,1
4394,4464,-1
4394,4395,1
4395,4465,-1
4395,4396,1
4396,4466,1
4396,4397,-1
4397,4467,1
4397,4398,1
4398,4468,-1
4398,4399,1
4399,4469,1
4399,4400,1
4400,4470,-1
4400,4401,-1
4401,4471,1
4401,4402,-1
4402,4472,-1
4402,4403,1
4403,4473,-1
4403,4404,1
4404,4474,-1
4404,4405,-1
4405,4475,-1
4405,4406,1
4406,4476,1
4406,4407,-1
4407,4477,1
4407,4408,1
4408,4478,1
4408,4409,1
4409,4479,1
4409,4410,-1
4410,4480,-1
4411,4481,1
4411,4480,1
4411,4412,-1
4412,4482,-1
4412,4413,-1
4413,4483,1
4413,4414,1
4414,4484,1
4414,4415,1
4415,4485,1
4415,4416,-1
4416,4486,-1
4416,4417,1
4417,4487,1
4417,4418,1
4418,4488,1
4418,4419,1
4419,4489,1
4419,4420,-1
4420,4490,-1
4420,4421,-1
4421,4491,1
4421,4422,1
4422,4492,-1
4422,4423,1
4423,4493,-1
4423,4424,-1
4424,4494,-1
4424,4425,1
4425,4495,1
4425,4426,1
4426,4496,-1
4426,4427,1
4427,4497,-1
4427,4428,-1
4428,4498,1
4428,4429,1
4429,4499,1
4429,4430,-1
4430,4500,1
4430,4431,-1
4431,4501,1
4431,4432,-1
4432,4502,-1
4432,4433,1
4433,4503,-1
4433,4434,1
4434,4504,1
4434,4435,1
4435,4505,1
4435,4436,1
4436,4506,-1
4436,4437,-1
4437,4507,-1
4437,4438,1
4438,4508,1
4438,4439,-1
4439,4509,1
4439,4440,-1
4440,4510,1
4440,4441,-1
4441,4511,1
4441,4442,-1
4442,4512,-1
4442,4443,-1
4443,4513,-1
4443,4444,-1
4444,4514,-1
4444,4445,1
4445,4515,1
4445,4446,-1
4446,4516,1
4446,4447,-1
4447,4517,-1
4447,4448,1
4448,4518,1
4448,4449,-1
4449,4519,1
4449,4450,-1
4450,4520,1
4450,4451,1
4451,4521,1
4451,4452,-1
4452,4522,-1
4452,4453,-1
4453,4523,-1
4453,4454,-1
4454,4524,1
4454,4455,1
4455,4525,-1
4455,4456,1
4456,4526,-1
4456,4457,1
4457,4527,-1
4457,4458,-1
4458,4528,-1
4458,4459,1
4459,4529,1
4459,4460,1
4460,4530,1
4460,4461,1
4461,4531,-1
4461,4462,-1
4462,4532,-1
4462,4463,1
4463,4533,1
4463,4464,-1
4464,4534,1
4464,4465,1
4465,4535,1
4465,4466,-1
4466,4536,-1
4466,4467,1
4467,4537,-1
4467,4468,-1
4468,4538,1
4468,4469,-1
4469,4539,-1
4469,4470,1
4470,4540,-1
4470,4471,-1
4471,4541,1
4471,4472,1
4472,4542,-1
4472,4473,1
4473,4543,1
4473,4474,1
4474,4544,1
4474,4475,-1
4475,4545,1
4475,4476,1
4476,4546,-1
4476,4477,-1
4477,4547,1
4477,4478,1
4478,4548,1
4478,4479,1
4479,4549,1
4479,4480,1
4480,4550,-1
4481,4551,1
4481,4550,1
4481,4482,-1
4482,4552,1
4482,4483,-1
4483,4553,1
4483,4484,1
4484,4554,1
4484,4485,-1
4485,4555,-1
4485,4486,1
4486,4556,1
4486,4487,1
4487,4557,-1
4487,4488,-1
4488,4558,-1
4488,4489,1
4489,4559,1
4489,4490,-1
4490,4560,-1
4490,4491,-1
4491,4561,1
4491,4492,1
4492,4562,-1
4492,4493,1
4493,4563,1
4493,4494,1
4494,4564,-1
4494,4495,-1
4495,4565,-1
4495,4496,1
4496,4566,-1
4496,4497,-1
4497,4567,-1
4497,4498,1
4498,4568,-1
4498,4499,-1
4499,4569,1
4499,4500,1
4500,4570,1
4500,4501,1
4501,4571,1
4501,4502,-1
4502,4572,1
4502,4503,1
4503,4573,1
4503,4504,1
4504,4574,-1
4504,4505,-1
4505,4575,-1
4505,4506,1
4506,4576,-1
4506,4507,1
4507,4577,-1
4507,4508,-1
4508,4578,1
4508,4509,1
4509,4579,-1
4509,4510,-1
4510,4580,1
4510,4511,-1
4511,4581,-1
4511,4512,-1
4512,4582,1
4512,4513,-1
4513,4583,1
4513,4514,1
4514,4584,-1
4514,4515,-1
4515,4585,-1
4515,4516,1
4516,4586,-1
4516,4517,1
4517,4587,1
4517,4518,-1
4518,4588,1
4518,4519,-1
4519,4589,1
4519,4520,-1
4520,4590,-1
4520,4521,-1
4521,4591,-1
4521,4522,1
4522,4592,1
4522,4523,1
4523,4593,1
4523,4524,1
4524,4594,1
4524,4525,-1
4525,4595,-1
4525,4526,-1
4526,4596,1
4526,4527,-1
4527,4597,-1
4527,4528,1
4528,4598,1
4528,4529,-1
4529,4599,1
4529,4530,-1
4530,4600,1
4530,4531,1
4531,4601,-1
4531,4532,1
4532,4602,-1
4532,4533,1
4533,4603,1
4533,4534,-1
4534,4604,-1
4534,4535,-1
4535,4605,-1
4535,4536,1
4536,4606,1
4536,4537,1
4537,4607,1
4537,4538,1
4538,4608,1
4538,4539,1
4539,4609,-1
4539,4540,1
4540,4610,-1
4540,4541,1
4541,4611,-1
4541,4542,1
4542,4612,-1
4542,4543,-1
4543,4613,1
4543,4544,1
4544,4614,-1
4544,4545,1
4545,4615,-1
4545,4546,-1
4546,4616,1
4546,4547,-1
4547,4617,-1
4547,4548,-1
4548,4618,-1
4548,4549,1
4549,4619,1
4549,4550,-1
4550,4620,1
4551,4621,1
4551,4620,-1
4551,4552,-1
4552,4622,-1
4552,4553,-1
4553,4623,1
4553,4554,1
4554,4624,-1
4554,4555,-1
4555,4625,-1
4555,4556,1
4556,4626,1
4556,4557,-1
4557,4627,-1
4557,4558,-1
4558,4628,1
4558,4559,-1
4559,4629,1
4559,4560,-1
4560,4630,-1
4560,4561,-1
4561,4631,1
4561,4562,-1
4562,4632,-1
4562,4563,1
4563,4633,1
4563,4564,-1
4564,4634,1
4564,4565,-1
4565,4635,1
4565,4566,-1
4566,4636,-1
4566,4567,1
4567,4637,-1
4567,4568,1
4568,4638,-1
4568,4569,-1
4569,4639,1
4569,4570,1
4570,4640,-1
4570,4571,-1
4571,4641,-1
4571,4572,-1
4572,4642,1
4572,4573,1
4573,4643,1
4573,4574,-1
4574,4644,-1
4574,4575,1
4575,4645,-1
4575,4576,1
4576,4646,-1
4576,4577,1
4577,4647,-1
4577,4578,1
4578,4648,1
4578,4579,1
4579,4649,1
4579,4580,1
4580,4650,1
4580,4581,-1
4581,4651,-1
4581,4582,1
4582,4652,-1
4582,4583,1
4583,4653,1
4583,4584,-1
4584,4654,-1
4584,4585,1
4585,4655,-1
4585,4586,-1
4586,4656,1
4586,4587,1
4587,4657,-1
4587,4588,1
4588,4658,1
4588,4589,-1
4589,4659,1
4589,4590,-1
4590,4660,1
4590,4591,1
4591,4661,1
4591,4592,1
4592,4662,-1
4592,4593,1
4593,4663,1
4593,4594,-1
4594,4664,1
4594,4595,1
4595,4665,1
4595,4596,1
4596,4666,1
4596,4597,1
4597,4667,-1
4597,4598,1
4598,4668,1
4598,4599,-1
4599,4669,-1
4599,4600,1
4600,4670,1
4600,4601,1
4601,4671,1
4601,4602,-1
4602,4672,-1
4602,4603,-1
4603,4673,1
4603,4604,-1
4604,4674,-1
4604,4605,-1
4605,4675,1
4605,4606,-1
4606,4676,-1
4606,4607,1
4607,4677,-1
4607,4608,1
4608,4678,1
4608,4609,-1
4609,4679,1
4609,4610,1
4610,4680,1
4610,4611,-1
4611,4681,-1
4611,4612,-1
4612,4682,-1
4612,4613,1
4613,4683,1
4613,4614,-1
4614,4684,-1
4614,4615,1
4615,4685,1
4615,4616,1
4616,4686,1
4616,4617,-1
4617,4687,1
4617,4618,-1
4618,4688,1
4618,4619,1
4619,4689,-1
4619,4620,-1
4620,4690,-1
4621,4691,-1
4621,4690,1
4621,4622,-1
4622,4692,1
4622,4623,-1
4623,4693,-1
4623,4624,1
4624,4694,-1
4624,4625,1
4625,4695,1
4625,4626,1
4626,4696,1
4626,4627,1
4627,4697,-1
4627,4628,-1
4628,4698,1
4628,4629,1
4629,4699,1
4629,4630,1
4630,4700,-1
4630,4631,-1
4631,4701,1
4631,4632,-1
4632,4702,1
4632,4633,1
4633,4703,1
4633,4634,1
4634,4704,-1
4634,4635,1
4635,4705,1
4635,4636,-1
4636,4706,1
4636,4637,1
4637,4707,-1
4637,4638,-1
4638,4708,1
4638,4639,1
4639,4709,1
4639,4640,1
4640,4710,-1
4640,4641,-1
4641,4711,-1
4641,4642,-1
4642,4712,1
4642,4643,1
4643,4713,-1
4643,4644,1
4644,4714,-1
4644,4645,-1
4645,4715,1
4645,4646,-1
4646,4716,-1
4646,4647,-1
4647,4717,1
4647,4648,1
4648,4718,-1
4648,4649,-1
4649,4719,-1
4649,4650,-1
4650,4720,1
4650,4651,1
4651,4721,1
4651,4652,1
4652,4722,1
4652,4653,1
4653,4723,-1
4653,4654,-1
4654,4724,-1
4654,4655,-1
4655,4725,1
4655,4656,-1
4656,4726,-1
4656,4657,1
4657,4727,1
4657,4658,1
4658,4728,1
4658,4659,-1
4659,4729,1
4659,4660,1
4660,4730,-1
4660,4661,1
4661,4731,-1
4661,4662,1
4662,4732,1
4662,4663,1
4663,4733,-1
4663,4664,1
4664,4734,-1
4664,4665,-1
4665,4735,1
4665,4666,1
4666,4736,1
4666,4667,-1
4667,4737,1
4667,4668,1
4668,4738,1
4668,4669,1
4669,4739,-1
4669,4670,1
4670,4740,-1
4670,4671,1
4671,4741,1
4671,4672,-1
4672,4742,1
4672,4673,-1
4673,4743,-1
4673,4674,-1
4674,4744,-1
4674,4675,1
4675,4745,-1
4675,4676,-1
4676,4746,-1
4676,4677,-1
4677,4747,1
4677,4678,-1
4678,4748,1
4678,4679,-1
4679,4749,-1
4679,4680,1
4680,4750,1
4680,4681,1
4681,4751,-1
4681,4682,-1
4682,4752,1
4682,4683,1
4683,4753,-1
4683,4684,-1
4684,4754,1
4684,4685,1
4685,4755,-1
4685,4686,-1
4686,4756,-1
4686,4687,-1
4687,4757,1
4687,4688,-1
4688,4758,-1
4688,4689,-1
4689,4759,1
4689,4690,1
4690,4760,-1
4691,4761,1
4691,4760,1
4691,4692,-1
4692,4762,-1
4692,4693,1
4693,4763,-1
4693,4694,-1
4694,4764,1
4694,4695,-1
4695,4765,-1
4695,4696,-1
4696,4766,-1
4696,4697,-1
4697,4767,-1
4697,4698,-1
4698,4768,-1
4698,4699,-1
4699,4769,1
4699,4700,1
4700,4770,1
4700,4701,1
4701,4771,-1
4701,4702,1
4702,4772,-1
4702,4703,1
4703,4773,1
4703,4704,-1
4704,4774,-1
4704,4705,-1
4705,4775,1
4705,4706,-1
4706,4776,1
4706,4707,1
4707,4777,1
4707,4708,1
4708,4778,1
4708,4709,-1
4709,4779,1
4709,4710,-1
4710,4780,1
4710,4711,1
4711,4781,1
4711,4712,-1
4712,4782,1
4712,4713,1
4713,4783,-1
4713,4714,1
4714,4784,1
4714,4715,1
4715,4785,1
4715,4716,-1
4716,4786,-1
4716,4717,1
4717,4787,1
4717,4718,1
4718,4788,1
4718,4719,1
4719,4789,-1
4719,4720,-1
4720,4790,-1
4720,4721,-1
4721,4791,1
4721,4722,1
4722,4792,-1
4722,4723,1
4723,4793,1
4723,4724,1
4724,4794,1
4724,4725,-1
4725,4795,-1
4725,4726,-1
4726,4796,1
4726,4727,-1
4727,4797,1
4727,4728,-1
4728,4798,-1
4728,4729,-1
4729,4799,-1
4729,4730,1
4730,4800,1
4730,4731,1
4731,4801,1
4731,4732,1
4732,4802,1
4732,4733,1
4733,4803,1
4733,4734,1
4734,4804,1
4734,4735,1
4735,4805,1
4735,4736,1
4736,4806,1
4736,4737,-1
4737,4807,-1
4737,4738,-1
4738,4808,1
4738,4739,1
4739,4809,-1
4739,4740,1
4740,4810,1
4740,4741,-1
4741,4811,1
4741,4742,1
4742,4812,-1
4742,4743,-1
4743,4813,1
4743,4744,1
4744,4814,1
4744,4745,-1
4745,4815,1
4745,4746,-1
4746,4816,-1
4746,4747,-1
4747,4817,-1
4747,4748,-1
4748,4818,1
4748,4749,1
4749,4819,-1
4749,4750,1
4750,4820,1
4750,4751,1
4751,4821,1
4751,4752,-1
4752,4822,-1
4752,4753,1
4753,4823,-1
4753,4754,1
4754,4824,-1
4754,4755,-1
4755,4825,-1
4755,4756,1
4756,4826,-1
4756,4757,1
4757,4827,1
4757,4758,1
4758,4828,-1
4758,4759,-1
4759,4829,-1
4759,4760,-1
4760,4830,1
4761,4831,1
4761,4830,-1
4761,4762,-1
4762,4832,-1
4762,4763,-1
4763,4833,-1
4763,4764,1
4764,4834,-1
4764,4765,1
4765,4835,-1
4765,4766,-1
4766,4836,-1
4766,4767,1
4767,4837,-1
4767,4768,1
4768,4838,-1
4768,4769,1
4769,4839,-1
4769,4770,-1
4770,4840,1
4770,4771,1
4771,4841,1
4771,4772,1
4772,4842,-1
4772,4773,-1
4773,4843,1
4773,4774,1
4774,4844,1
4774,4775,1
4775,4845,1
4775,4776,-1
4776,4846,-1
4776,4777,1
4777,4847,-1
4777,4778,-1
4778,4848,-1
4778,4779,-1
4779,4849,-1
4779,4780,1
4780,4850,1
4780,4781,-1
4781,4851,-1
4781,4782,1
4782,4852,-1
4782,4783,-1
4783,4853,-1
4783,4784,1
4784,4854,-1
4784,4785,-1
4785,4855,1
4785,4786,1
4786,4856,1
4786,4787,-1
4787,4857,1
4787,4788,-1
4788,4858,-1
4788,4789,-1
4789,4859,1
4789,4790,1
4790,4860,1
4790,4791,1
4791,4861,-1
4791,4792,1
4792,4862,-1
4792,4793,-1
4793,4863,1
4793,4794,1
4794,4864,-1
4794,4795,-1
4795,4865,1
4795,4796,1
4796,4866,1
4796,4797,1
4797,4867,-1
4797,4798,1
4798,4868,1
4798,4799,-1
4799,4869,1
4799,4800,1
4800,4870,1
4800,4801,-1
4801,4871,1
4801,4802,1
4802,4872,1
4802,4803,1
4803,4873,1
4803,4804,1
4804,4874,1
4804,4805,-1
4805,4875,1
4805,4806,-1
4806,4876,1
4806,4807,1
4807,4877,1
4807,4808,-1
4808,4878,1
4808,4809,1
4809,4879,-1
4809,4810,-1
4810,4880,-1
4810,4811,-1
4811,4881,1
4811,4812,1
4812,4882,1
4812,4813,-1
4813,4883,-1
4813,4814,-1
4814,4884,-1
4814,4815,1
4815,4885,1
4815,4816,1
4816,4886,1
4816,4817,1
4817,4887,1
4817,4818,-1
4818,4888,1
4818,4819,1
4819,4889,-1
4819,4820,1
4820,4890,1
4820,4821,1
4821,4891,1
4821,4822,-1
4822,4892,-1
4822,4823,-1
4823,4893,-1
4823,4824,1
4824,4894,1
4824,4825,1
4825,4895,1
4825,4826,1
4826,4896,-1
4826,4827,-1
4827,4897,1
4827,4828,1
4828,4898,1
4828,4829,-1
4829,4899,-1
4829,4830,1
4830,4900,-1
4831,4901,1
4831,4900,1
4831,4832,1
4832,4902,1
4832,4833,-1
4833,4903,1
4833,4834,1
4834,4904,-1
4834,4835,1
4835,4905,1
4835,4836,-1
4836,4906,1
4836,4837,1
4837,4907,1
4837,4838,1
4838,4908,1
4838,4839,1
4839,4909,1
4839,4840,1
4840,4910,1
4840,4841,1
4841,4911,1
4841,4842,-1
4842,4912,-1
4842,4843,1
4843,4913,1
4843,4844,-1
4844,4914,1
4844,4845,1
4845,4915,1
4845,4846,-1
4846,4916,1
4846,4847,-1
4847,4917,1
4847,4848,1
4848,4918,-1
4848,4849,1
4849,4919,1
4849,4850,1
4850,4920,1
4850,4851,-1
4851,4921,-1
4851,4852,-1
4852,4922,1
4852,4853,1
4853,4923,1
4853,4854,-1
4854,4924,1
4854,4855,-1
4855,4925,-1
4855,4856,1
4856,4926,-1
4856,4857,-1
4857,4927,1
4857,4858,1
4858,4928,-1
4858,4859,-1
4859,4929,-1
4859,4860,-1
4860,4930,-1
4860,4861,1
4861,4931,-1
4861,4862,-1
4862,4932,-1
4862,4863,-1
4863,4933,-1
4863,4864,1
4864,4934,1
4864,4865,1
4865,4935,-1
4865,4866,1
4866,4936,-1
4866,4867,1
4867,4937,-1
4867,4868,1
4868,4938,1
4868,4869,1
4869,4939,1
4869,4870,-1
4870,4940,-1
4870,4871,-1
4871,4941,-1
4871,4872,-1
4872,4942,-1
4872,4873,-1
4873,4943,1
4873,4874,-1
4874,4944,1
4874,4875,1
4875,4945,-1
4875,4876,-1
4876,4946,-1
4876,4877,-1
4877,4947,1
4877,4878,-1
4878,4948,1
4878,4879,-1
4879,4949,1
4879,4880,-1
4880,4950,-1
4880,4881,-1
4881,4951,1
4881,4882,-1
4882,4952,1
4882,4883,1
4883,4953,-1
4883,4884,1
4884,4954,1
4884,4885,1
4885,4955,1
4885,4886,1
4886,4956,1
4886,4887,-1
4887,4957,1
4887,4888,-1
4888,4958,1
4888,4889,-1
4889,4959,1
4889,4890,-1
4890,4960,1
4890,4891,1
4891,4961,1
4891,4892,-1
4892,4962,1
4892,4893,1
4893,4963,1
4893,4894,1
4894,4964,1
4894,4895,-1
4895,4965,-1
4895,4896,-1
4896,4966,1
4896,4897,1
4897,4967,-1
4897,4898,-1
4898,4968,1
4898,4899,1
4899,4969,-1
4899,4900,-1
4900,4970,-1
4901,4971,-1
4901,4970,1
4901,4902,-1
4902,4972,1
4902,4903,1
4903,4973,-1
4903,4904,1
4904,4974,-1
4904,4905,1
4905,4975,-1
4905,4906,1
4906,4976,-1
4906,4907,-1
4907,4977,1
4907,4908,1
4908,4978,-1
4908,4909,-1
4909,4979,-1
4909,4910,-1
4910,4980,1
4910,4911,1
4911,4981,-1
4911,4912,-1
4912,4982,-1
4912,4913,1
4913,4983,1
4913,4914,1
4914,4984,-1
4914,4915,1
4915,4985,1
4915,4916,-1
4916,4986,1
4916,4917,1
4917,4987,-1
4917,4918,1
4918,4988,1
4918,4919,1
4919,4989,-1
4919,4920,1
4920,4990,1
4920,4921,1
4921,4991,1
4921,4922,-1
4922,4992,1
4922,4923,1
4923,4993,-1
4923,4924,-1
4924,4994,-1
4924,4925,1
4925,4995,1
4925,4926,-1
4926,4996,-1
4926,4927,-1
4927,4997,1
4927,4928,1
4928,4998,1
4928,4929,-1
4929,4999,-1
4929,4930,-1
4930,5000,-1
4930,4931,-1
4931,5001,-1
4931,4932,-1
4932,5002,-1
4932,4933,-1
4933,5003,-1
4933,4934,1
4934,5004,1
4934,4935,1
4935,5005,-1
4935,4936,1
4936,5006,1
4936,4937,1
4937,5007,1
4937,4938,1
4938,5008,1
4938,4939,-1
4939,5009,1
4939,4940,1
4940,5010,1
4940,4941,1
4941,5011,-1
4941,4942,1
4942,5012,1
4942,4943,1
4943,5013,-1
4943,4944,-1
4944,5014,1
4944,4945,-1
4945,5015,-1
4945,4946,-1
4946,5016,-1
4946,4947,-1
4947,5017,-1
4947,4948,-1
4948,5018,1
4948,4949,-1
4949,5019,-1
4949,4950,1
4950,5020,-1
4950,4951,1
4951,5021,-1
4951,4952,-1
4952,5022,1
4952,4953,-1
4953,5023,-1
4953,4954,-1
4954,5024,-1
4954,4955,-1
4955,5025,-1
4955,4956,1
4956,5026,-1
4956,4957,-1
4957,5027,1
4957,4958,1
4958,5028,1
4958,4959,-1
4959,5029,1
4959,4960,1
4960,5030,-1
4960,4961,1
4961,5031,-1
4961,4962,-1
4962,5032,1
4962,4963,1
4963,5033,-1
4963,4964,-1
4964,5034,-1
4964,4965,1
4965,5035,-1
4965,4966,-1
4966,5036,-1
4966,4967,1
4967,5037,1
4967,4968,-1
4968,5038,-1
4968,4969,-1
4969,5039,1
4969,4970,1
4970,5040,-1
4971,5041,1
4971,5040,-1
4971,4972,1
4972,5042,-1
4972,4973,-1
4973,5043,-1
4973,4974,-1
4974,5044,-1
4974,4975,1
4975,5045,-1
4975,4976,1
4976,5046,1
4976,4977,-1
4977,5047,1
4977,4978,1
4978,5048,-1
4978,4979,-1
4979,5049,1
4979,4980,1
4980,5050,1
4980,4981,1
4981,5051,-1
4981,4982,1
4982,5052,1
4982,4983,1
4983,5053,-1
4983,4984,-1
4984,5054,-1
4984,4985,-1
4985,5055,-1
4985,4986,-1
4986,5056,-1
4986,4987,1
4987,5057,-1
4987,4988,-1
4988,5058,1
4988,4989,-1
4989,5059,-1
4989,4990,1
4990,5060,1
4990,4991,-1
4991,5061,1
4991,4992,-1
4992,5062,1
4992,4993,1
4993,5063,-1
4993,4994,1
4994,5064,1
4994,4995,1
4995,5065,1
4995,4996,-1
4996,5066,-1
4996,4997,1
4997,5067,1
4997,4998,-1
4998,5068,-1
4998,4999,-1
4999,5069,-1
4999,5000,1
5000,5070,1
5000,5001,-1
5001,5071,-1
5001,5002,1
5002,5072,-1
5002,5003,1
5003,5073,1
5003,5004,-1
5004,5074,-1
5004,5005,1
5005,5075,-1
5005,5006,-1
5006,5076,-1
5006,5007,1
5007,5077,-1
5007,5008,-1
5008,5078,1
5008,5009,1
5009,5079,-1
5009,5010,-1
5010,5080,1
5010,5011,-1
5011,5081,1
5011,5012,1
5012,5082,1
5012,5013,-1
5013,5083,-1
5013,5014,1
5014,5084,1
5014,5015,1
5015,5085,-1
5015,5016,1
5016,5086,-1
5016,5017,-1
5017,5087,1
5017,5018,-1
5018,5088,-1
5018,5019,-1
5019,5089,1
5019,5020,1
5020,5090,-1
5020,5021,1
5021,5091,1
5021,5022,1
5022,5092,-1
5022,5023,-1
5023,5093,1
5023,5024,1
5024,5094,1
5024,5025,-1
5025,5095,1
5025,5026,-1
5026,5096,-1
5026,5027,-1
5027,5097,-1
5027,5028,-1
5028,5098,-1
5028,5029,-1
5029,5099,-1
5029,5030,1
5030,5100,-1
5030,5031,-1
5031,5101,-1
5031,5032,-1
5032,5102,1
5032,5033,-1
5033,5103,-1
5033,5034,1
5034,5104,-1
5034,5035,1
5035,5105,1
5035,5036,-1
5036,5106,-1
5036,5037,1
5037,5107,1
5037,5038,-1
5038,5108,-1
5038,5039,-1
5039,5109,1
5039,5040,1
5040,5110,-1
5041,5111,-1
5041,5110,1
5041,5042,1
5042,5112,1
5042,5043,1
5043,5113,-1
5043,5044,-1
5044,5114,-1
5044,5045,-1
5045,5115,-1
5045,5046,1
5046,5116,1
5046,5047,1
5047,5117,1
5047,5048,1
5048,5118,1
5048,5049,1
5049,5119,1
5049,5050,1
5050,5120,-1
5050,5051,1
5051,5121,-1
5051,5052,-1
5052,5122,-1
5052,5053,-1
5053,5123,1
5053,5054,1
5054,5124,-1
5054,5055,1
5055,5125,1
5055,5056,1
5056,5126,1
5056,5057,1
5057,5127,-1
5057,5058,1
5058,5128,1
5058,5059,-1
5059,5129,-1
5059,5060,1
5060,5130,-1
5060,5061,1
5061,5131,-1
5061,5062,1
5062,5132,-1
5062,5063,-1
5063,5133,-1
5063,5064,1
5064,5134,-1
5064,5065,1
5065,5135,1
5065,5066,1
5066,5136,-1
5066,5067,1
5067,5137,1
5067,5068,1
5068,5138,1
5068,5069,1
5069,5139,1
5069,5070,1
5070,5140,1
5070,5071,-1
5071,5141,-1
5071,5072,-1
5072,5142,-1
5072,5073,1
5073,5143,1
5073,5074,1
5074,5144,1
5074,5075,1
5075,5145,-1
5075,5076,1
5076,5146,1
5076,5077,-1
5077,5147,1
5077,5078,1
5078,5148,-1
5078,5079,-1
5079,5149,-1
5079,5080,1
5080,5150,1
5080,5081,-1
5081,5151,1
5081,5082,-1
5082,5152,-1
5082,5083,1
5083,5153,1
5083,5084,-1
5084,5154,1
5084,5085,-1
5085,5155,-1
5085,5086,1
5086,5156,1
5086,5087,1
5087,5157,-1
5087,5088,1
5088,5158,-1
5088,5089,-1
5089,5159,1
5089,5090,1
5090,5160,1
5090,5091,1
5091,5161,-1
5091,5092,-1
5092,5162,1
5092,5093,1
5093,5163,-1
5093,5094,-1
5094,5164,1
5094,5095,-1
5095,5165,-1
5095,5096,1
5096,5166,-1
5096,5097,-1
5097,5167,1
5097,5098,-1
5098,5168,1
5098,5099,1
5099,5169,1
5099,5100,1
5100,5170,1
5100,5101,-1
5101,5171,-1
5101,5102,1
5102,5172,1
5102,5103,1
5103,5173,1
5103,5104,-1
5104,5174,-1
5104,5105,-1
5105,5175,1
5105,5106,-1
5106,5176,-1
5106,5107,1
5107,5177,1
5107,5108,-1
5108,5178,-1
5108,5109,1
5109,5179,1
5109,5110,-1
5110,5180,-1
5111,5181,-1
5111,5180,-1
5111,5112,1
5112,5182,1
5112,5113,1
5113,5183,1
5113,5114,1
5114,5184,1
5114,5115,1
5115,5185,1
5115,5116,1
5116,5186,-1
5116,5117,-1
5117,5187,1
5117,5118,1
5118,5188,-1
5118,5119,-1
5119,5189,-1
5119,5120,1
5120,5190,-1
5120,5121,-1
5121,5191,1
5121,5122,-1
5122,5192,1
5122,5123,1
5123,5193,-1
5123,5124,-1
5124,5194,1
5124,5125,1
5125,5195,-1
5125,5126,-1
5126,5196,-1
5126,5127,1
5127,5197,-1
5127,5128,1
5128,5198,-1
5128,5129,1
5129,5199,-1
5129,5130,-1
5130,5200,1
5130,5131,-1
5131,5201,-1
5131,5132,-1
5132,5202,1
5132,5133,-1
5133,5203,1
5133,5134,1
5134,5204,1
5134,5135,1
5135,5205,1
5135,5136,1
5136,5206,-1
5136,5137,-1
5137,5207,1
5137,5138,-1
5138,5208,-1
5138,5139,-1
5139,5209,1
5139,5140,1
5140,5210,1
5140,5141,1
5141,5211,1
5141,5142,1
5142,5212,-1
5142,5143,-1
5143,5213,1
5143,5144,1
5144,5214,-1
5144,5145,-1
5145,5215,-1
5145,5146,-1
5146,5216,1
5146,5147,1
5147,5217,1
5147,5148,1
5148,5218,1
5148,5149,1
5149,5219,1
5149,5150,-1
5150,5220,-1
5150,5151,-1
5151,5221,-1
5151,5152,-1
5152,5222,-1
5152,5153,-1
5153,5223,-1
5153,5154,-1
5154,5224,1
5154,5155,1
5155,5225,-1
5155,5156,1
5156,5226,-1
5156,5157,1
5157,5227,1
5157,5158,-1
5158,5228,1
5158,5159,1
5159,5229,-1
5159,5160,1
5160,5230,1
5160,5161,-1
5161,5231,1
5161,5162,1
5162,5232,1
5162,5163,1
5163,5233,1
5163,5164,-1
5164,5234,1
5164,5165,1
5165,5235,-1
5165,5166,-1
5166,5236,1
5166,5167,-1
5167,5237,1
5167,5168,1
5168,5238,-1
5168,5169,1
5169,5239,1
5169,5170,1
5170,5240,-1
5170,5171,-1
5171,5241,1
5171,5172,1
5172,5242,-1
5172,5173,-1
5173,5243,-1
5173,5174,-1
5174,5244,1
5174,5175,-1
5175,5245,-1
5175,5176,-1
5176,5246,1
5176,5177,-1
5177,5247,-1
5177,5178,-1
5178,5248,1
5178,5179,1
5179,5249,-1
5179,5180,-1
5180,5250,1
5181,5251,-1
5181,5250,-1
5181,5182,1
5182,5252,-1
5182,5183,1
5183,5253,-1
5183,5184,1
5184,5254,-1
5184,5185,-1
5185,5255,-1
5185,5186,1
5186,5256,-1
5186,5187,1
5187,5257,1
5187,5188,1
5188,5258,-1
5188,5189,1
5189,5259,-1
5189,5190,-1
5190,5260,1
5190,5191,1
5191,5261,1
5191,5192,-1
5192,5262,-1
5192,5193,-1
5193,5263,1
5193,5194,1
5194,5264,-1
5194,5195,1
5195,5265,-1
5195,5196,-1
5196,5266,1
5196,5197,1
5197,5267,1
5197,5198,-1
5198,5268,-1
5198,5199,-1
5199,5269,-1
5199,5200,1
5200,5270,1
5200,5201,1
5201,5271,1
5201,5202,1
5202,5272,-1
5202,5203,-1
5203,5273,1
5203,5204,1
5204,5274,1
5204,5205,-1
5205,5275,1
5205,5206,-1
5206,5276,-1
5206,5207,-1
5207,5277,1
5207,5208,-1
5208,5278,-1
5208,5209,-1
5209,5279,-1
5209,5210,-1
5210,5280,-1
5210,5211,1
5211,5281,1
5211,5212,1
5212,5282,1
5212,5213,1
5213,5283,1
5213,5214,-1
5214,5284,-1
5214,5215,-1
5215,5285,1
5215,5216,-1
5216,5286,1
5216,5217,-1
5217,5287,1
5217,5218,1
5218,5288,1
5218,5219,-1
5219,5289,-1
5219,5220,1
5220,5290,1
5220,5221,-1
5221,5291,-1
5221,5222,1
5222,5292,-1
5222,5223,1
5223,5293,-1
5223,5224,1
5224,5294,-1
5224,5225,-1
5225,5295,-1
5225,5226,1
5226,5296,1
5226,5227,1
5227,5297,1
5227,5228,1
5228,5298,1
5228,5229,-1
5229,5299,1
5229,5230,-1
5230,5300,-1
5230,5231,1
5231,5301,-1
5231,5232,1
5232,5302,1
5232,5233,1
5233,5303,1
5233,5234,1
5234,5304,1
5234,5235,1
5235,5305,-1
5235,5236,-1
5236,5306,1
5236,5237,1
5237,5307,-1
5237,5238,1
5238,5308,1
5238,5239,1
5239,5309,-1
5239,5240,-1
5240,5310,-1
5240,5241,1
5241,5311,-1
5241,5242,-1
5242,5312,-1
5242,5243,-1
5243,5313,1
5243,5244,-1
5244,5314,1
5244,5245,-1
5245,5315,-1
5245,5246,-1
5246,5316,-1
5246,5247,-1
5247,5317,1
5247,5248,1
5248,5318,-1
5248,5249,-1
5249,5319,1
5249,5250,1
5250,5320,-1
5251,5321,1
5251,5320,-1
5251,5252,1
5252,5322,1
5252,5253,1
5253,5323,-1
5253,5254,1
5254,5324,-1
5254,5255,-1
5255,5325,1
5255,5256,1
5256,5326,1
5256,5257,-1
5257,5327,1
5257,5258,1
5258,5328,-1
5258,5259,-1
5259,5329,-1
5259,5260,-1
5260,5330,-1
5260,5261,-1
5261,5331,-1
5261,5262,1
5262,5332,1
5262,5263,1
5263,5333,1
5263,5264,1
5264,5334,1
5264,5265,1
5265,5335,1
5265,5266,-1
5266,5336,1
5266,5267,1
5267,5337,-1
5267,5268,-1
5268,5338,1
5268,5269,1
5269,5339,1
5269,5270,1
5270,5340,1
5270,5271,-1
5271,5341,1
5271,5272,1
5272,5342,1
5272,5273,1
5273,5343,-1
5273,5274,1
5274,5344,1
5274,5275,1
5275,5345,1
5275,5276,1
5276,5346,-1
5276,5277,1
5277,5347,-1
5277,5278,1
5278,5348,1
5278,5279,-1
5279,5349,-1
5279,5280,-1
5280,5350,1
5280,5281,-1
5281,5351,1
5281,5282,-1
5282,5352,1
5282,5283,-1
5283,5353,-1
5283,5284,1
5284,5354,1
5284,5285,1
5285,5355,-1
5285,5286,1
5286,5356,1
5286,5287,-1
5287,5357,-1
5287,5288,1
5288,5358,-1
5288,5289,-1
5289,5359,1
5289,5290,1
5290,5360,-1
5290,5291,-1
5291,5361,1
5291,5292,1
5292,5362,-1
5292,5293,-1
5293,5363,-1
5293,5294,-1
5294,5364,1
5294,5295,1
5295,5365,1
5295,5296,-1
5296,5366,1
5296,5297,-1
5297,5367,1
5297,5298,1
5298,5368,1
5298,5299,-1
5299,5369,-1
5299,5300,1
5300,5370,1
5300,5301,1
5301,5371,-1
5301,5302,1
5302,5372,1
5302,5303,-1
5303,5373,-1
5303,5304,1
5304,5374,1
5304,5305,-1
5305,5375,1
5305,5306,-1
5306,5376,1
5306,5307,-1
5307,5377,1
5307,5308,-1
5308,5378,-1
5308,5309,-1
5309,5379,1
5309,5310,-1
5310,5380,1
5310,5311,1
5311,5381,-1
5311,5312,-1
5312,5382,-1
5312,5313,1
5313,5383,1
5313,5314,-1
5314,5384,-1
5314,5315,1
5315,5385,1
5315,5316,1
5316,5386,-1
5316,5317,-1
5317,5387,-1
5317,5318,1
5318,5388,1
5318,5319,-1
5319,5389,1
5319,5320,1
5320,5390,-1
5321,5391,1
5321,5390,1
5321,5322,1
5322,5392,1
5322,5323,1
5323,5393,1
5323,5324,1
5324,5394,1
5324,5325,1
5325,5395,-1
5325,5326,1
5326,5396,-1
5326,5327,1
5327,5397,-1
5327,5328,-1
5328,5398,-1
5328,5329,1
5329,5399,1
5329,5330,-1
5330,5400,-1
5330,5331,1
5331,5401,1
5331,5332,-1
5332,5402,-1
5332,5333,-1
5333,5403,-1
5333,5334,-1
5334,5404,-1
5334,5335,1
5335,5405,-1
5335,5336,-1
5336,5406,-1
5336,5337,-1
5337,5407,-1
5337,5338,-1
5338,5408,1
5338,5339,1
5339,5409,1
5339,5340,1
5340,5410,1
5340,5341,1
5341,5411,-1
5341,5342,1
5342,5412,-1
5342,5343,1
5343,5413,-1
5343,5344,1
5344,5414,-1
5344,5345,1
5345,5415,-1
5345,5346,1
5346,5416,-1
5346,5347,-1
5347,5417,-1
5347,5348,-1
5348,5418,-1
5348,5349,1
5349,5419,-1
5349,5350,1
5350,5420,-1
5350,5351,1
5351,5421,1
5351,5352,1
5352,5422,-1
5352,5353,-1
5353,5423,-1
5353,5354,1
5354,5424,1
5354,5355,-1
5355,5425,-1
5355,5356,1
5356,5426,-1
5356,5357,1
5357,5427,1
5357,5358,-1
5358,5428,1
5358,5359,1
5359,5429,1
5359,5360,1
5360,5430,-1
5360,5361,-1
5361,5431,1
5361,5362,1
5362,5432,-1
5362,5363,-1
5363,5433,-1
5363,5364,-1
5364,5434,1
5364,5365,-1
5365,5435,1
5365,5366,-1
5366,5436,-1
5366,5367,-1
5367,5437,-1
5367,5368,1
5368,5438,1
5368,5369,-1
5369,5439,1
5369,5370,-1
5370,5440,-1
5370,5371,-1
5371,5441,1
5371,5372,1
5372,5442,-1
5372,5373,-1
5373,5443,1
5373,5374,1
5374,5444,1
5374,5375,-1
5375,5445,-1
5375,5376,-1
5376,5446,1
5376,5377,-1
5377,5447,1
5377,5378,1
5378,5448,1
5378,5379,1
5379,5449,1
5379,5380,-1
5380,5450,-1
5380,5381,-1
5381,5451,-1
5381,5382,-1
5382,5452,1
5382,5383,1
5383,5453,1
5383,5384,1
5384,5454,-1
5384,5385,-1
5385,5455,-1
5385,5386,-1
5386,5456,1
5386,5387,1
5387,5457,-1
5387,5388,1
5388,5458,1
5388,5389,-1
5389,5459,1
5389,5390,-1
5390,5460,1
5391,5461,1
5391,5460,-1
5391,5392,-1
5392,5462,1
5392,5393,1
5393,5463,1
5393,5394,1
5394,5464,1
5394,5395,1
5395,5465,-1
5395,5396,1
5396,5466,1
5396,5397,1
5397,5467,-1
5397,5398,1
5398,5468,-1
5398,5399,-1
5399,5469,1
5399,5400,1
5400,5470,1
5400,5401,1
5401,5471,-1
5401,5402,-1
5402,5472,1
5402,5403,1
5403,5473,-1
5403,5404,1
5404,5474,1
5404,5405,-1
5405,5475,1
5405,5406,1
5406,5476,1
5406,5407,1
5407,5477,1
5407,5408,-1
5408,5478,1
5408,5409,-1
5409,5479,-1
5409,5410,1
5410,5480,1
5410,5411,-1
5411,5481,1
5411,5412,1
5412,5482,-1
5412,5413,1
5413,5483,1
5413,5414,-1
5414,5484,-1
5414,5415,-1
5415,5485,-1
5415,5416,-1
5416,5486,1
5416,5417,1
5417,5487,1
5417,5418,1
5418,5488,-1
5418,5419,1
5419,5489,-1
5419,5420,-1
5420,5490,-1
5420,5421,-1
5421,5491,1
5421,5422,1
5422,5492,-1
5422,5423,1
5423,5493,-1
5423,5424,1
5424,5494,-1
5424,5425,1
5425,5495,1
5425,5426,1
5426,5496,1
5426,5427,-1
5427,5497,1
5427,5428,1
5428,5498,1
5428,5429,-1
5429,5499,1
5429,5430,-1
5430,5500,1
5430,5431,1
5431,5501,-1
5431,5432,1
5432,5502,1
5432,5433,1
5433,5503,-1
5433,5434,-1
5434,5504,1
5434,5435,1
5435,5505,1
5435,5436,-1
5436,5506,1
5436,5437,1
5437,5507,-1
5437,5438,1
5438,5508,-1
5438,5439,-1
5439,5509,-1
5439,5440,1
5440,5510,-1
5440,5441,1
5441,5511,-1
5441,5442,1
5442,5512,1
5442,5443,-1
5443,5513,1
5443,5444,1
5444,5514,-1
5444,5445,-1
5445,5515,1
5445,5446,1
5446,5516,-1
5446,5447,-1
5447,5517,-1
5447,5448,-1
5448,5518,-1
5448,5449,-1
5449,5519,1
5449,5450,-1
5450,5520,-1
5450,5451,1
5451,5521,1
5451,5452,1
5452,5522,1
5452,5453,-1
5453,5523,-1
5453,5454,1
5454,5524,1
5454,5455,-1
5455,5525,1
5455,5456,-1
5456,5526,1
5456,5457,1
5457,5527,-1
5457,5458,1
5458,5528,1
5458,5459,-1
5459,5529,-1
5459,5460,-1
5460,5530,-1
5461,5531,1
5461,5530,-1
5461,5462,-1
5462,5532,1
5462,5463,1
5463,5533,-1
5463,5464,1
5464,5534,-1
5464,5465,1
5465,5535,1
5465,5466,1
5466,5536,-1
5466,5467,1
5467,5537,1
5467,5468,1
5468,5538,1
5468,5469,1
5469,5539,-1
5469,5470,-1
5470,5540,-1
5470,5471,1
5471,5541,1
5471,5472,-1
5472,5542,1
5472,5473,-1
5473,5543,1
5473,5474,1
5474,5544,1
5474,5475,1
5475,5545,-1
5475,5476,-1
5476,5546,-1
5476,5477,-1
5477,5547,-1
5477,5478,1
5478,5548,-1
5478,5479,1
5479,5549,-1
5479,5480,1
5480,5550,-1
5480,5481,1
5481,5551,1
5481,5482,1
5482,5552,-1
5482,5483,-1
5483,5553,-1
5483,5484,-1
5484,5554,1
5484,5485,1
5485,5555,-1
5485,5486,1
5486,5556,1
5486,5487,1
5487,5557,-1
5487,5488,-1
5488,5558,-1
5488,5489,1
5489,5559,-1
5489,5490,1
5490,5560,1
5490,5491,-1
5491,5561,1
5491,5492,-1
5492,5562,-1
5492,5493,-1
5493,5563,-1
5493,5494,-1
5494,5564,-1
5494,5495,-1
5495,5565,-1
5495,5496,1
5496,5566,1
5496,5497,-1
5497,5567,1
5497,5498,1
5498,5568,-1
5498,5499,-1
5499,5569,1
5499,5500,1
5500,5570,1
5500,5501,1
5501,5571,-1
5501,5502,1
5502,5572,1
5502,5503,-1
5503,5573,1
5503,5504,-1
5504,5574,-1
5504,5505,1
5505,5575,1
5505,5506,-1
5506,5576,1
5506,5507,1
5507,5577,1
5507,5508,-1
5508,5578,-1
5508,5509,-1
5509,5579,1
5509,5510,1
5510,5580,1
5510,5511,1
5511,5581,1
5511,5512,-1
5512,5582,1
5512,5513,-1
5513,5583,1
5513,5514,-1
5514,5584,-1
5514,5515,-1
5515,5585,1
5515,5516,-1
5516,5586,-1
5516,5517,1
5517,5587,-1
5517,5518,-1
5518,5588,-1
5518,5519,1
5519,5589,-1
5519,5520,-1
5520,5590,-1
5520,5521,-1
5521,5591,1
5521,5522,1
5522,5592,1
5522,5523,1
5523,5593,1
5523,5524,1
5524,5594,-1
5524,5525,-1
5525,5595,-1
5525,5526,1
5526,5596,1
5526,5527,1
5527,5597,-1
5527,5528,-1
5528,5598,-1
5528,5529,-1
5529,5599,1
5529,5530,1
5530,5600,1
5531,5601,1
5531,5600,1
5531,5532,1
5532,5602,-1
5532,5533,-1
5533,5603,1
5533,5534,1
5534,5604,1
5534,5535,1
5535,5605,-1
5535,5536,-1
5536,5606,-1
5536,5537,1
5537,5607,1
5537,5538,1
5538,5608,1
5538,5539,-1
5539,5609,1
5539,5540,1
5540,5610,1
5540,5541,-1
5541,5611,-1
5541,5542,-1
5542,5612,1
5542,5543,-1
5543,5613,1
5543,5544,1
5544,5614,1
5544,5545,1
5545,5615,1
5545,5546,-1
5546,5616,-1
5546,5547,-1
5547,5617,-1
5547,5548,1
5548,5618,-1
5548,5549,-1
5549,5619,1
5549,5550,1
5550,5620,1
5550,5551,-1
5551,5621,1
5551,5552,-1
5552,5622,-1
5552,5553,-1
5553,5623,1
5553,5554,1
5554,5624,-1
5554,5555,-1
5555,5625,1
5555,5556,1
5556,5626,-1
5556,5557,-1
5557,5627,-1
5557,5558,1
5558,5628,1
5558,5559,-1
5559,5629,-1
5559,5560,1
5560,5630,-1
5560,5561,1
5561,5631,-1
5561,5562,-1
5562,5632,-1
5562,5563,1
5563,5633,-1
5563,5564,-1
5564,5634,-1
5564,5565,-1
5565,5635,-1
5565,5566,-1
5566,5636,1
5566,5567,-1
5567,5637,1
5567,5568,1
5568,5638,-1
5568,5569,1
5569,5639,1
5569,5570,-1
5570,5640,-1
5570,5571,1
5571,5641,1
5571,5572,1
5572,5642,-1
5572,5573,-1
5573,5643,1
5573,5574,1
5574,5644,1
5574,5575,1
5575,5645,1
5575,5576,-1
5576,5646,1
5576,5577,1
5577,5647,1
5577,5578,-1
5578,5648,-1
5578,5579,-1
5579,5649,-1
5579,5580,-1
5580,5650,1
5580,5581,-1
5581,5651,-1
5581,5582,1
5582,5652,1
5582,5583,-1
5583,5653,-1
5583,5584,-1
5584,5654,-1
5584,5585,-1
5585,5655,1
5585,5586,1
5586,5656,-1
5586,5587,-1
5587,5657,-1
5587,5588,-1
5588,5658,1
5588,5589,-1
5589,5659,-1
5589,5590,1
5590,5660,-1
5590,5591,1
5591,5661,-1
5591,5592,-1
5592,5662,1
5592,5593,1
5593,5663,1
5593,5594,1
5594,5664,1
5594,5595,1
5595,5665,1
5595,5596,-1
5596,5666,-1
5596,5597,-1
5597,5667,-1
5597,5598,-1
5598,5668,-1
5598,5599,-1
5599,5669,1
5599,5600,-1
5600,5670,-1
5601,5671,-1
5601,5670,-1
5601,5602,1
5602,5672,1
5602,5603,-1
5603,5673,-1
5603,5604,-1
5604,5674,-1
5604,5605,-1
5605,5675,-1
5605,5606,1
5606,5676,-1
5606,5607,-1
5607,5677,1
5607,5608,1
5608,5678,-1
5608,5609,1
5609,5679,-1
5609,5610,-1
5610,5680,1
5610,5611,1
5611,5681,1
5611,5612,-1
5612,5682,-1
5612,5613,-1
5613,5683,-1
5613,5614,-1
5614,5684,-1
5614,5615,1
5615,5685,-1
5615,5616,1
5616,5686,1
5616,5617,1
5617,5687,-1
5617,5618,1
5618,5688,-1
5618,5619,-1
5619,5689,1
5619,5620,-1
5620,5690,-1
5620,5621,1
5621,5691,1
5621,5622,1
5622,5692,1
5622,5623,1
5623,5693,1
5623,5624,-1
5624,5694,-1
5624,5625,1
5625,5695,1
5625,5626,-1
5626,5696,-1
5626,5627,1
5627,5697,-1
5627,5628,-1
5628,5698,1
5628,5629,1
5629,5699,1
5629,5630,1
5630,5700,1
5630,5631,-1
5631,5701,1
5631,5632,-1
5632,5702,-1
5632,5633,1
5633,5703,1
5633,5634,-1
5634,5704,-1
5634,5635,-1
5635,5705,1
5635,5636,-1
5636,5706,-1
5636,5637,-1
5637,5707,1
5637,5638,-1
5638,5708,1
5638,5639,1
5639,5709,-1
5639,5640,1
5640,5710,1
5640,5641,1
5641,5711,1
5641,5642,1
5642,5712,1
5642,5643,-1
5643,5713,1
5643,5644,-1
5644,5714,-1
5644,5645,1
5645,5715,-1
5645,5646,-1
5646,5716,-1
5646,5647,1
5647,5717,-1
5647,5648,-1
5648,5718,1
5648,5649,-1
5649,5719,1
5649,5650,1
5650,5720,-1
5650,5651,-1
5651,5721,-1
5651,5652,1
5652,5722,1
5652,5653,1
5653,5723,1
5653,5654,1
5654,5724,-1
5654,5655,-1
5655,5725,-1
5655,5656,1
5656,5726,1
5656,5657,1
5657,5727,1
5657,5658,1
5658,5728,-1
5658,5659,1
5659,5729,-1
5659,5660,-1
5660,5730,-1
5660,5661,1
5661,5731,1
5661,5662,-1
5662,5732,-1
5662,5663,1
5663,5733,-1
5663,5664,-1
5664,5734,1
5664,5665,-1
5665,5735,1
5665,5666,1
5666,5736,-1
5666,5667,-1
5667,5737,-1
5667,5668,-1
5668,5738,1
5668,5669,-1
5669,5739,1
5669,5670,-1
5670,5740,-1
5671,5741,-1
5671,5740,-1
5671,5672,-1
5672,5742,1
5672,5673,-1
5673,5743,1
5673,5674,-1
5674,5744,-1
5674,5675,-1
5675,5745,-1
5675,5676,-1
5676,5746,1
5676,5677,1
5677,5747,1
5677,5678,-1
5678,5748,1
5678,5679,-1
5679,5749,1
5679,5680,1
5680,5750,-1
5680,5681,1
5681,5751,-1
5681,5682,1
5682,5752,-1
5682,5683,1
5683,5753,-1
5683,5684,-1
5684,5754,-1
5684,5685,-1
5685,5755,-1
5685,5686,-1
5686,5756,-1
5686,5687,-1
5687,5757,1
5687,5688,1
5688,5758,-1
5688,5689,1
5689,5759,-1
5689,5690,1
5690,5760,1
5690,5691,-1
5691,5761,-1
5691,5692,1
5692,5762,-1
5692,5693,-1
5693,5763,1
5693,5694,-1
5694,5764,-1
5694,5695,1
5695,5765,-1
5695,5696,1
5696,5766,-1
5696,5697,-1
5697,5767,1
5697,5698,-1
5698,5768,1
5698,5699,-1
5699,5769,1
5699,5700,1
5700,5770,1
5700,5701,-1
5701,5771,-1
5701,5702,1
5702,5772,-1
5702,5703,-1
5703,5773,-1
5703,5704,-1
5704,5774,-1
5704,5705,1
5705,5775,-1
5705,5706,-1
5706,5776,-1
5706,5707,1
5707,5777,-1
5707,5708,-1
5708,5778,-1
5708,5709,1
5709,5779,1
5709,5710,-1
5710,5780,1
5710,5711,-1
5711,5781,1
5711,5712,-1
5712,5782,1
5712,5713,-1
5713,5783,-1
5713,5714,1
5714,5784,-1
5714,5715,-1
5715,5785,-1
5715,5716,-1
5716,5786,1
5716,5717,-1
5717,5787,-1
5717,5718,1
5718,5788,1
5718,5719,1
5719,5789,1
5719,5720,1
5720,5790,1
5720,5721,-1
5721,5791,1
5721,5722,-1
5722,5792,-1
5722,5723,1
5723,5793,1
5723,5724,-1
5724,5794,-1
5724,5725,-1
5725,5795,-1
5725,5726,1
5726,5796,-1
5726,5727,1
5727,5797,1
5727,5728,-1
5728,5798,-1
5728,5729,-1
5729,5799,1
5729,5730,-1
5730,5800,1
5730,5731,1
5731,5801,-1
5731,5732,1
5732,5802,1
5732,5733,1
5733,5803,1
5733,5734,-1
5734,5804,1
5734,5735,1
5735,5805,-1
5735,5736,-1
5736,5806,-1
5736,5737,1
5737,5807,-1
5737,5738,-1
5738,5808,-1
5738,5739,-1
5739,5809,-1
5739,5740,1
5740,5810,-1
5741,5811,-1
5741,5810,-1
5741,5742,1
5742,5812,-1
5742,5743,1
5743,5813,1
5743,5744,1
5744,5814,-1
5744,5745,-1
5745,5815,1
5745,5746,-1
5746,5816,-1
5746,5747,1
5747,5817,1
5747,5748,-1
5748,5818,1
5748,5749,1
5749,5819,1
5749,5750,-1
5750,5820,1
5750,5751,-1
5751,5821,1
5751,5752,-1
5752,5822,-1
5752,5753,-1
5753,5823,1
5753,5754,1
5754,5824,-1
5754,5755,1
5755,5825,1
5755,5756,-1
5756,5826,-1
5756,5757,-1
5757,5827,-1
5757,5758,1
5758,5828,1
5758,5759,-1
5759,5829,-1
5759,5760,1
5760,5830,1
5760,5761,-1
5761,5831,1
5761,5762,-1
5762,5832,-1
5762,5763,1
5763,5833,1
5763,5764,-1
5764,5834,-1
5764,5765,-1
5765,5835,-1
5765,5766,1
5766,5836,1
5766,5767,-1
5767,5837,1
5767,5768,1
5768,5838,1
5768,5769,1
5769,5839,-1
5769,5770,1
5770,5840,1
5770,5771,1
5771,5841,1
5771,5772,-1
5772,5842,-1
5772,5773,-1
5773,5843,1
5773,5774,-1
5774,5844,-1
5774,5775,-1
5775,5845,1
5775,5776,-1
5776,5846,-1
5776,5777,-1
5777,5847,-1
5777,5778,-1
5778,5848,-1
5778,5779,-1
5779,5849,1
5779,5780,1
5780,5850,1
5780,5781,1
5781,5851,1
5781,5782,1
5782,5852,-1
5782,5783,-1
5783,5853,-1
5783,5784,-1
5784,5854,-1
5784,5785,1
5785,5855,1
5785,5786,-1
5786,5856,1
5786,5787,1
5787,5857,1
5787,5788,1
5788,5858,1
5788,5789,1
5789,5859,-1
5789,5790,1
5790,5860,-1
5790,5791,1
5791,5861,1
5791,5792,1
5792,5862,1
5792,5793,-1
5793,5863,-1
5793,5794,1
5794,5864,1
5794,5795,1
5795,5865,1
5795,5796,1
5796,5866,-1
5796,5797,1
5797,5867,1
5797,5798,-1
5798,5868,1
5798,5799,-1
5799,5869,1
5799,5800,1
5800,5870,1
5800,5801,1
5801,5871,1
5801,5802,-1
5802,5872,-1
5802,5803,-1
5803,5873,1
5803,5804,1
5804,5874,-1
5804,5805,-1
5805,5875,1
5805,5806,-1
5806,5876,-1
5806,5807,-1
5807,5877,-1
5807,5808,-1
5808,5878,1
5808,5809,1
5809,5879,-1
5809,5810,1
5810,5880,-1
5811,5881,1
5811,5880,1
5811,5812,1
5812,5882,1
5812,5813,-1
5813,5883,1
5813,5814,-1
5814,5884,-1
5814,5815,1
5815,5885,1
5815,5816,1
5816,5886,-1
5816,5817,-1
5817,5887,1
5817,5818,-1
5818,5888,-1
5818,5819,1
5819,5889,1
5819,5820,1
5820,5890,-1
5820,5821,-1
5821,5891,1
5821,5822,1
5822,5892,-1
5822,5823,1
5823,5893,-1
5823,5824,1
5824,5894,1
5824,5825,-1
5825,5895,-1
5825,5826,1
5826,5896,-1
5826,5827,1
5827,5897,-1
5827,5828,1
5828,5898,-1
5828,5829,-1
5829,5899,1
5829,5830,-1
5830,5900,-1
5830,5831,1
5831,5901,1
5831,5832,1
5832,5902,1
5832,5833,-1
5833,5903,-1
5833,5834,-1
5834,5904,-1
5834,5835,-1
5835,5905,1
5835,5836,1
5836,5906,-1
5836,5837,1
5837,5907,-1
5837,5838,-1
5838,5908,-1
5838,5839,-1
5839,5909,1
5839,5840,-1
5840,5910,1
5840,5841,1
5841,5911,1
5841,5842,-1
5842,5912,-1
5842,5843,-1
5843,5913,-1
5843,5844,1
5844,5914,1
5844,5845,1
5845,5915,-1
5845,5846,-1
5846,5916,-1
5846,5847,-1
5847,5917,1
5847,5848,-1
5848,5918,1
5848,5849,1
5849,5919,1
5849,5850,-1
5850,5920,-1
5850,5851,1
5851,5921,1
5851,5852,-1
5852,5922,-1
5852,5853,1
5853,5923,1
5853,5854,1
5854,5924,1
5854,5855,-1
5855,5925,-1
5855,5856,1
5856,5926,1
5856,5857,1
5857,5927,-1
5857,5858,1
5858,5928,1
5858,5859,-1
5859,5929,-1
5859,5860,-1
5860,5930,-1
5860,5861,-1
5861,5931,-1
5861,5862,1
5862,5932,1
5862,5863,1
5863,5933,-1
5863,5864,1
5864,5934,-1
5864,5865,1
5865,5935,-1
5865,5866,1
5866,5936,-1
5866,5867,-1
5867,5937,1
5867,5868,1
5868,5938,1
5868,5869,-1
5869,5939,-1
5869,5870,1
5870,5940,-1
5870,5871,1
5871,5941,1
5871,5872,1
5872,5942,-1
5872,5873,-1
5873,5943,-1
5873,5874,1
5874,5944,1
5874,5875,-1
5875,5945,1
5875,5876,1
5876,5946,1
5876,5877,1
5877,5947,-1
5877,5878,-1
5878,5948,-1
5878,5879,-1
5879,5949,-1
5879,5880,1
5880,5950,1
5881,5951,-1
5881,5950,-1
5881,5882,-1
5882,5952,1
5882,5883,1
5883,5953,-1
5883,5884,1
5884,5954,-1
5884,5885,1
5885,5955,1
5885,5886,1
5886,5956,1
5886,5887,-1
5887,5957,-1
5887,5888,1
5888,5958,-1
5888,5889,1
5889,5959,1
5889,5890,-1
5890,5960,1
5890,5891,1
5891,5961,-1
5891,5892,1
5892,5962,-1
5892,5893,1
5893,5963,1
5893,5894,1
5894,5964,1
5894,5895,1
5895,5965,1
5895,5896,-1
5896,5966,1
5896,5897,1
5897,5967,-1
5897,5898,-1
5898,5968,1
5898,5899,-1
5899,5969,-1
5899,5900,1
5900,5970,-1
5900,5901,1
5901,5971,-1
5901,5902,1
5902,5972,-1
5902,5903,1
5903,5973,1
5903,5904,1
5904,5974,1
5904,5905,1
5905,5975,-1
5905,5906,1
5906,5976,-1
5906,5907,-1
5907,5977,1
5907,5908,1
5908,5978,1
5908,5909,1
5909,5979,1
5909,5910,-1
5910,5980,-1
5910,5911,-1
5911,5981,-1
5911,5912,1
5912,5982,-1
5912,5913,1
5913,5983,-1
5913,5914,1
5914,5984,-1
5914,5915,1
5915,5985,-1
5915,5916,1
5916,5986,1
5916,5917,-1
5917,5987,-1
5917,5918,1
5918,5988,-1
5918,5919,-1
5919,5989,-1
5919,5920,-1
5920,5990,1
5920,5921,1
5921,5991,1
5921,5922,1
5922,5992,1
5922,5923,-1
5923,5993,1
5923,5924,1
5924,5994,1
5924,5925,-1
5925,5995,1
5925,5926,-1
5926,5996,-1
5926,5927,1
5927,5997,1
5927,5928,1
5928,5998,-1
5928,5929,1
5929,5999,-1
5929,5930,-1
5930,6000,1
5930,5931,-1
5931,6001,1
5931,5932,-1
5932,6002,-1
5932,5933,1
5933,6003,-1
5933,5934,-1
5934,6004,-1
5934,5935,1
5935,6005,-1
5935,5936,-1
5936,6006,-1
5936,5937,1
5937,6007,1
5937,5938,1
5938,6008,1
5938,5939,-1
5939,6009,1
5939,5940,-1
5940,6010,-1
5940,5941,1
5941,6011,1
5941,5942,-1
5942,6012,-1
5942,5943,-1
5943,6013,-1
5943,5944,-1
5944,6014,1
5944,5945,1
5945,6015,1
5945,5946,-1
5946,6016,-1
5946,5947,-1
5947,6017,1
5947,5948,1
5948,6018,1
5948,5949,-1
5949,6019,1
5949,5950,1
5950,6020,1
5951,6021,-1
5951,6020,-1
5951,5952,-1
5952,6022,1
5952,5953,1
5953,6023,-1
5953,5954,-1
5954,6024,1
5954,5955,-1
5955,6025,1
5955,5956,1
5956,6026,1
5956,5957,1
5957,6027,-1
5957,5958,-1
5958,6028,-1
5958,5959,-1
5959,6029,1
5959,5960,-1
5960,6030,-1
5960,5961,1
5961,6031,-1
5961,5962,-1
5962,6032,1
5962,5963,-1
5963,6033,-1
5963,5964,-1
5964,6034,1
5964,5965,-1
5965,6035,-1
5965,5966,1
5966,6036,-1
5966,5967,1
5967,6037,-1
5967,5968,-1
5968,6038,1
5968,5969,-1
5969,6039,1
5969,5970,1
5970,6040,1
5970,5971,1
5971,6041,1
5971,5972,1
5972,6042,1
5972,5973,1
5973,6043,-1
5973,5974,-1
5974,6044,-1
5974,5975,-1
5975,6045,-1
5975,5976,-1
5976,6046,-1
5976,5977,1
5977,6047,1
5977,5978,-1
5978,6048,-1
5978,5979,-1
5979,6049,-1
5979,5980,-1
5980,6050,-1
5980,5981,1
5981,6051,1
5981,5982,1
5982,6052,1
5982,5983,1
5983,6053,1
5983,5984,-1
5984,6054,-1
5984,5985,-1
5985,6055,-1
5985,5986,-1
5986,6056,-1
5986,5987,1
5987,6057,1
5987,5988,1
5988,6058,1
5988,5989,1
5989,6059,1
5989,5990,-1
5990,6060,-1
5990,5991,-1
5991,6061,-1
5991,5992,-1
5992,6062,1
5992,5993,1
5993,6063,-1
5993,5994,-1
5994,6064,1
5994,5995,-1
5995,6065,1
5995,5996,1
5996,6066,1
5996,5997,1
5997,6067,-1
5997,5998,1
5998,6068,-1
5998,5999,-1
5999,6069,-1
5999,6000,1
6000,6070,-1
6000,6001,1
6001,6071,1
6001,6002,1
6002,6072,-1
6002,6003,-1
6003,6073,-1
6003,6004,1
6004,6074,1
6004,6005,1
6005,6075,1
6005,6006,-1
6006,6076,-1
6006,6007,-1
6007,6077,1
6007,6008,-1
6008,6078,1
6008,6009,-1
6009,6079,1
6009,6010,-1
6010,6080,1
6010,6011,1
6011,6081,1
6011,6012,-1
6012,6082,1
6012,6013,1
6013,6083,1
6013,6014,1
6014,6084,-1
6014,6015,-1
6015,6085,1
6015,6016,1
6016,6086,1
6016,6017,-1
6017,6087,-1
6017,6018,-1
6018,6088,-1
6018,6019,1
6019,6089,-1
6019,6020,1
6020,6090,1
6021,6091,1
6021,6090,-1
6021,6022,1
6022,6092,-1
6022,6023,-1
6023,6093,-1
6023,6024,1
6024,6094,1
6024,6025,1
6025,6095,-1
6025,6026,1
6026,6096,-1
6026,6027,-1
6027,6097,-1
6027,6028,-1
6028,6098,-1
6028,6029,1
6029,6099,-1
6029,6030,-1
6030,6100,-1
6030,6031,1
6031,6101,-1
6031,6032,-1
6032,6102,-1
6032,6033,1
6033,6103,-1
6033,6034,-1
6034,6104,-1
6034,6035,1
6035,6105,1
6035,6036,-1
6036,6106,-1
6036,6037,1
6037,6107,1
6037,6038,1
6038,6108,-1
6038,6039,-1
6039,6109,1
6039,6040,-1
6040,6110,1
6040,6041,-1
6041,6111,1
6041,6042,-1
6042,6112,-1
6042,6043,1
6043,6113,-1
6043,6044,1
6044,6114,1
6044,6045,-1
6045,6115,-1
6045,6046,-1
6046,6116,1
6046,6047,1
6047,6117,-1
6047,6048,1
6048,6118,-1
6048,6049,-1
6049,6119,1
6049,6050,1
6050,6120,1
6050,6051,-1
6051,6121,-1
6051,6052,-1
6052,6122,-1
6052,6053,-1
6053,6123,-1
6053,6054,-1
6054,6124,-1
6054,6055,-1
6055,6125,1
6055,6056,-1
6056,6126,1
6056,6057,-1
6057,6127,-1
6057,6058,-1
6058,6128,-1
6058,6059,1
6059,6129,1
6059,6060,-1
6060,6130,1
6060,6061,-1
6061,6131,-1
6061,6062,1
6062,6132,1
6062,6063,-1
6063,6133,1
6063,6064,1
6064,6134,1
6064,6065,-1
6065,6135,1
6065,6066,-1
6066,6136,-1
6066,6067,-1
6067,6137,1
6067,6068,-1
6068,6138,-1
6068,6069,-1
6069,6139,-1
6069,6070,-1
6070,6140,1
6070,6071,-1
6071,6141,1
6071,6072,-1
6072,6142,-1
6072,6073,-1
6073,6143,-1
6073,6074,-1
6074,6144,-1
6074,6075,-1
6075,6145,-1
6075,6076,1
6076,6146,-1
6076,6077,1
6077,6147,1
6077,6078,1
6078,6148,-1
6078,6079,-1
6079,6149,1
6079,6080,1
6080,6150,1
6080,6081,-1
6081,6151,1
6081,6082,-1
6082,6152,-1
6082,6083,-1
6083,6153,-1
6083,6084,1
6084,6154,-1
6084,6085,-1
6085,6155,-1
6085,6086,1
6086,6156,1
6086,6087,-1
6087,6157,1
6087,6088,1
6088,6158,-1
6088,6089,-1
6089,6159,-1
6089,6090,-1
6090,6160,-1
6091,6161,-1
6091,6160,1
6091,6092,1
6092,6162,1
6092,6093,-1
6093,6163,1
6093,6094,-1
6094,6164,-1
6094,6095,1
6095,6165,-1
6095,6096,-1
6096,6166,-1
6096,6097,-1
6097,6167,-1
6097,6098,1
6098,6168,-1
6098,6099,-1
6099,6169,-1
6099,6100,-1
6100,6170,1
6100,6101,-1
6101,6171,-1
6101,6102,1
6102,6172,1
6102,6103,1
6103,6173,-1
6103,6104,-1
6104,6174,1
6104,6105,1
6105,6175,1
6105,6106,-1
6106,6176,-1
6106,6107,1
6107,6177,-1
6107,6108,1
6108,6178,1
6108,6109,1
6109,6179,-1
6109,6110,-1
6110,6180,-1
6110,6111,1
6111,6181,-1
6111,6112,-1
6112,6182,1
6112,6113,-1
6113,6183,-1
6113,6114,1
6114,6184,1
6114,6115,1
6115,6185,1
6115,6116,-1
6116,6186,-1
6116,6117,-1
6117,6187,-1
6117,6118,-1
6118,6188,-1
6118,6119,-1
6119,6189,1
6119,6120,-1
6120,6190,1
6120,6121,-1
6121,6191,-1
6121,6122,-1
6122,6192,-1
6122,6123,1
6123,6193,1
6123,6124,-1
6124,6194,1
6124,6125,-1
6125,6195,1
6125,6126,1
6126,6196,-1
6126,6127,-1
6127,6197,1
6127,6128,-1
6128,6198,-1
6128,6129,1
6129,6199,-1
6129,6130,-1
6130,6200,-1
6130,6131,1
6131,6201,1
6131,6132,1
6132,6202,1
6132,6133,-1
6133,6203,1
6133,6134,1
6134,6204,1
6134,6135,1
6135,6205,-1
6135,6136,1
6136,6206,-1
6136,6137,-1
6137,6207,-1
6137,6138,1
6138,6208,-1
6138,6139,-1
6139,6209,1
6139,6140,1
6140,6210,-1
6140,6141,1
6141,6211,1
6141,6142,1
6142,6212,1
6142,6143,1
6143,6213,1
6143,6144,-1
6144,6214,-1
6144,6145,1
6145,6215,1
6145,6146,1
6146,6216,-1
6146,6147,1
6147,6217,1
6147,6148,-1
6148,6218,1
6148,6149,-1
6149,6219,-1
6149,6150,1
6150,6220,1
6150,6151,-1
6151,6221,1
6151,6152,-1
6152,6222,-1
6152,6153,-1
6153,6223,-1
6153,6154,-1
6154,6224,-1
6154,6155,-1
6155,6225,1
6155,6156,-1
6156,6226,1
6156,6157,-1
6157,6227,1
6157,6158,1
6158,6228,1
6158,6159,-1
6159,6229,1
6159,6160,-1
6160,6230,1
6161,6231,-1
6161,6230,-1
6161,6162,-1
6162,6232,1
6162,6163,-1
6163,6233,-1
6163,6164,1
6164,6234,1
6164,6165,1
6165,6235,1
6165,6166,-1
6166,6236,-1
6166,6167,1
6167,6237,1
6167,6168,-1
6168,6238,-1
6168,6169,-1
6169,6239,1
6169,6170,1
6170,6240,-1
6170,6171,1
6171,6241,-1
6171,6172,1
6172,6242,1
6172,6173,1
6173,6243,1
6173,6174,1
6174,6244,-1
6174,6175,-1
6175,6245,1
6175,6176,1
6176,6246,1
6176,6177,1
6177,6247,-1
6177,6178,-1
6178,6248,-1
6178,6179,-1
6179,6249,-1
6179,6180,-1
6180,6250,-1
6180,6181,1
6181,6251,1
6181,6182,-1
6182,6252,1
6182,6183,1
6183,6253,1
6183,6184,1
6184,6254,-1
6184,6185,-1
6185,6255,-1
6185,6186,1
6186,6256,-1
6186,6187,1
6187,6257,-1
6187,6188,-1
6188,6258,-1
6188,6189,-1
6189,6259,-1
6189,6190,1
6190,6260,1
6190,6191,1
6191,6261,1
6191,6192,-1
6192,6262,-1
6192,6193,1
6193,6263,1
6193,6194,-1
6194,6264,1
6194,6195,-1
6195,6265,1
6195,6196,-1
6196,6266,-1
6196,6197,1
6197,6267,1
6197,6198,-1
6198,6268,-1
6198,6199,-1
6199,6269,-1
6199,6200,1
6200,6270,-1
6200,6201,-1
6201,6271,-1
6201,6202,-1
6202,6272,1
6202,6203,1
6203,6273,-1
6203,6204,1
6204,6274,1
6204,6205,-1
6205,6275,1
6205,6206,-1
6206,6276,-1
6206,6207,1
6207,6277,1
6207,6208,1
6208,6278,-1
6208,6209,-1
6209,6279,1
6209,6210,1
6210,6280,1
6210,6211,1
6211,6281,1
6211,6212,1
6212,6282,-1
6212,6213,1
6213,6283,-1
6213,6214,1
6214,6284,-1
6214,6215,1
6215,6285,1
6215,6216,-1
6216,6286,-1
6216,6217,1
6217,6287,1
6217,6218,1
6218,6288,-1
6218,6219,1
6219,6289,1
6219,6220,1
6220,6290,1
6220,6221,1
6221,6291,1
6221,6222,-1
6222,6292,-1
6222,6223,-1
6223,6293,-1
6223,6224,1
6224,6294,-1
6224,6225,1
6225,6295,1
6225,6226,1
6226,6296,1
6226,6227,1
6227,6297,1
6227,6228,-1
6228,6298,-1
6228,6229,1
6229,6299,-1
6229,6230,-1
6230,6300,1
6231,6301,-1
6231,6300,1
6231,6232,1
6232,6302,-1
6232,6233,-1
6233,6303,1
6233,6234,1
6234,6304,-1
6234,6235,1
6235,6305,1
6235,6236,-1
6236,6306,-1
6236,6237,-1
6237,6307,-1
6237,6238,-1
6238,6308,1
6238,6239,-1
6239,6309,-1
6239,6240,-1
6240,6310,1
6240,6241,-1
6241,6311,1
6241,6242,-1
6242,6312,1
6242,6243,1
6243,6313,-1
6243,6244,1
6244,6314,-1
6244,6245,-1
6245,6315,1
6245,6246,-1
6246,6316,-1
6246,6247,-1
6247,6317,-1
6247,6248,-1
6248,6318,-1
6248,6249,1
6249,6319,1
6249,6250,1
6250,6320,-1
6250,6251,1
6251,6321,1
6251,6252,-1
6252,6322,-1
6252,6253,-1
6253,6323,-1
6253,6254,-1
6254,6324,-1
6254,6255,-1
6255,6325,-1
6255,6256,1
6256,6326,1
6256,6257,1
6257,6327,-1
6257,6258,-1
6258,6328,1
6258,6259,1
6259,6329,1
6259,6260,1
6260,6330,1
6260,6261,-1
6261,6331,1
6261,6262,1
6262,6332,-1
6262,6263,1
6263,6333,1
6263,6264,1
6264,6334,-1
6264,6265,-1
6265,6335,-1
6265,6266,1
6266,6336,-1
6266,6267,1
6267,6337,-1
6267,6268,1
6268,6338,-1
6268,6269,1
6269,6339,1
6269,6270,1
6270,6340,1
6270,6271,-1
6271,6341,1
6271,6272,1
6272,6342,-1
6272,6273,1
6273,6343,1
6273,6274,-1
6274,6344,1
6274,6275,-1
6275,6345,1
6275,6276,1
6276,6346,-1
6276,6277,-1
6277,6347,-1
6277,6278,-1
6278,6348,-1
6278,6279,1
6279,6349,-1
6279,6280,-1
6280,6350,-1
6280,6281,-1
6281,6351,1
6281,6282,-1
6282,6352,-1
6282,6283,-1
6283,6353,-1
6283,6284,1
6284,6354,-1
6284,6285,-1
6285,6355,1
6285,6286,-1
6286,6356,1
6286,6287,-1
6287,6357,1
6287,6288,1
6288,6358,1
6288,6289,1
6289,6359,1
6289,6290,-1
6290,6360,-1
6290,6291,-1
6291,6361,1
6291,6292,-1
6292,6362,-1
6292,6293,1
6293,6363,-1
6293,6294,1
6294,6364,1
6294,6295,1
6295,6365,1
6295,6296,-1
6296,6366,1
6296,6297,1
6297,6367,1
6297,6298,-1
6298,6368,-1
6298,6299,-1
6299,6369,-1
6299,6300,1
6300,6370,-1
6301,6371,1
6301,6370,1
6301,6302,-1
6302,6372,1
6302,6303,1
6303,6373,-1
6303,6304,-1
6304,6374,-1
6304,6305,1
6305,6375,1
6305,6306,1
6306,6376,-1
6306,6307,1
6307,6377,-1
6307,6308,-1
6308,6378,-1
6308,6309,-1
6309,6379,-1
6309,6310,1
6310,6380,-1
6310,6311,1
6311,6381,1
6311,6312,1
6312,6382,1
6312,6313,-1
6313,6383,1
6313,6314,1
6314,6384,1
6314,6315,-1
6315,6385,1
6315,6316,-1
6316,6386,-1
6316,6317,1
6317,6387,1
6317,6318,-1
6318,6388,1
6318,6319,1
6319,6389,-1
6319,6320,1
6320,6390,-1
6320,6321,-1
6321,6391,-1
6321,6322,1
6322,6392,1
6322,6323,1
6323,6393,-1
6323,6324,-1
6324,6394,1
6324,6325,-1
6325,6395,-1
6325,6326,1
6326,6396,-1
6326,6327,1
6327,6397,1
6327,6328,-1
6328,6398,-1
6328,6329,-1
6329,6399,1
6329,6330,-1
6330,6400,1
6330,6331,-1
6331,6401,-1
6331,6332,1
6332,6402,1
6332,6333,-1
6333,6403,1
6333,6334,-1
6334,6404,-1
6334,6335,-1
6335,6405,-1
6335,6336,1
6336,6406,-1
6336,6337,1
6337,6407,-1
6337,6338,1
6338,6408,-1
6338,6339,1
6339,6409,-1
6339,6340,-1
6340,6410,1
6340,6341,1
6341,6411,1
6341,6342,1
6342,6412,-1
6342,6343,-1
6343,6413,-1
6343,6344,1
6344,6414,-1
6344,6345,1
6345,6415,1
6345,6346,1
6346,6416,-1
6346,6347,-1
6347,6417,1
6347,6348,1
6348,6418,-1
6348,6349,1
6349,6419,-1
6349,6350,-1
6350,6420,1
6350,6351,1
6351,6421,1
6351,6352,1
6352,6422,1
6352,6353,1
6353,6423,1
6353,6354,1
6354,6424,-1
6354,6355,1
6355,6425,1
6355,6356,1
6356,6426,1
6356,6357,1
6357,6427,1
6357,6358,-1
6358,6428,1
6358,6359,-1
6359,6429,-1
6359,6360,1
6360,6430,-1
6360,6361,1
6361,6431,1
6361,6362,1
6362,6432,-1
6362,6363,1
6363,6433,1
6363,6364,-1
6364,6434,1
6364,6365,1
6365,6435,-1
6365,6366,1
6366,6436,1
6366,6367,-1
6367,6437,1
6367,6368,1
6368,6438,1
6368,6369,-1
6369,6439,1
6369,6370,1
6370,6440,1
6371,6441,-1
6371,6440,1
6371,6372,-1
6372,6442,-1
6372,6373,-1
6373,6443,-1
6373,6374,1
6374,6444,1
6374,6375,1
6375,6445,1
6375,6376,1
6376,6446,1
6376,6377,-1
6377,6447,1
6377,6378,1
6378,6448,1
6378,6379,1
6379,6449,1
6379,6380,1
6380,6450,-1
6380,6381,1
6381,6451,1
6381,6382,-1
6382,6452,-1
6382,6383,1
6383,6453,1
6383,6384,1
6384,6454,-1
6384,6385,1
6385,6455,1
6385,6386,1
6386,6456,1
6386,6387,-1
6387,6457,-1
6387,6388,1
6388,6458,-1
6388,6389,-1
6389,6459,1
6389,6390,-1
6390,6460,-1
6390,6391,-1
6391,6461,-1
6391,6392,-1
6392,6462,1
6392,6393,-1
6393,6463,-1
6393,6394,-1
6394,6464,1
6394,6395,-1
6395,6465,-1
6395,6396,-1
6396,6466,1
6396,6397,-1
6397,6467,1
6397,6398,-1
6398,6468,1
6398,6399,-1
6399,6469,1
6399,6400,1
6400,6470,-1
6400,6401,-1
6401,6471,-1
6401,6402,-1
6402,6472,-1
6402,6403,1
6403,6473,1
6403,6404,1
6404,6474,-1
6404,6405,1
6405,6475,-1
6405,6406,-1
6406,6476,-1
6406,6407,-1
6407,6477,-1
6407,6408,1
6408,6478,-1
6408,6409,-1
6409,6479,1
6409,6410,-1
6410,6480,-1
6410,6411,-1
6411,6481,1
6411,6412,-1
6412,6482,-1
6412,6413,-1
6413,6483,1
6413,6414,1
6414,6484,1
6414,6415,-1
6415,6485,-1
6415,6416,-1
6416,6486,-1
6416,6417,-1
6417,6487,1
6417,6418,1
6418,6488,1
6418,6419,1
6419,6489,1
6419,6420,1
6420,6490,1
6420,6421,1
6421,6491,1
6421,6422,-1
6422,6492,1
6422,6423,1
6423,6493,-1
6423,6424,-1
6424,6494,1
6424,6425,1
6425,6495,-1
6425,6426,-1
6426,6496,1
6426,6427,-1
6427,6497,1
6427,6428,1
6428,6498,-1
6428,6429,1
6429,6499,1
6429,6430,-1
6430,6500,-1
6430,6431,-1
6431,6501,1
6431,6432,-1
6432,6502,1
6432,6433,1
6433,6503,1
6433,6434,-1
6434,6504,-1
6434,6435,-1
6435,6505,-1
6435,6436,-1
6436,6506,1
6436,6437,-1
6437,6507,-1
6437,6438,1
6438,6508,1
6438,6439,-1
6439,6509,-1
6439,6440,1
6440,6510,-1
6441,6511,1
6441,6510,1
6441,6442,-1
6442,6512,1
6442,6443,1
6443,6513,-1
6443,6444,-1
6444,6514,-1
6444,6445,1
6445,6515,1
6445,6446,-1
6446,6516,-1
6446,6447,-1
6447,6517,1
6447,6448,-1
6448,6518,1
6448,6449,1
6449,6519,-1
6449,6450,1
6450,6520,1
6450,6451,1
6451,6521,-1
6451,6452,1
6452,6522,-1
6452,6453,-1
6453,6523,-1
6453,6454,1
6454,6524,1
6454,6455,1
6455,6525,-1
6455,6456,-1
6456,6526,-1
6456,6457,1
6457,6527,-1
6457,6458,-1
6458,6528,-1
6458,6459,-1
6459,6529,-1
6459,6460,-1
6460,6530,1
6460,6461,-1
6461,6531,-1
6461,6462,-1
6462,6532,1
6462,6463,1
6463,6533,1
6463,6464,1
6464,6534,-1
6464,6465,-1
6465,6535,-1
6465,6466,-1
6466,6536,1
6466,6467,-1
6467,6537,1
6467,6468,-1
6468,6538,1
6468,6469,-1
6469,6539,-1
6469,6470,-1
6470,6540,-1
6470,6471,1
6471,6541,-1
6471,6472,1
6472,6542,-1
6472,6473,1
6473,6543,-1
6473,6474,-1
6474,6544,1
6474,6475,1
6475,6545,1
6475,6476,-1
6476,6546,-1
6476,6477,-1
6477,6547,1
6477,6478,1
6478,6548,1
6478,6479,-1
6479,6549,-1
6479,6480,-1
6480,6550,-1
6480,6481,1
6481,6551,-1
6481,6482,1
6482,6552,1
6482,6483,-1
6483,6553,-1
6483,6484,1
6484,6554,-1
6484,6485,-1
6485,6555,-1
6485,6486,1
6486,6556,1
6486,6487,-1
6487,6557,1
6487,6488,-1
6488,6558,1
6488,6489,-1
6489,6559,-1
6489,6490,-1
6490,6560,-1
6490,6491,-1
6491,6561,-1
6491,6492,-1
6492,6562,-1
6492,6493,1
6493,6563,-1
6493,6494,1
6494,6564,1
6494,6495,-1
6495,6565,-1
6495,6496,1
6496,6566,1
6496,6497,-1
6497,6567,-1
6497,6498,1
6498,6568,1
6498,6499,-1
6499,6569,1
6499,6500,1
6500,6570,1
6500,6501,-1
6501,6571,-1
6501,6502,1
6502,6572,1
6502,6503,1
6503,6573,1
6503,6504,-1
6504,6574,-1
6504,6505,1
6505,6575,-1
6505,6506,-1
6506,6576,1
6506,6507,1
6507,6577,-1
6507,6508,-1
6508,6578,1
6508,6509,-1
6509,6579,-1
6509,6510,1
6510,6580,1
6511,6581,-1
6511,6580,-1
6511,6512,1
6512,6582,-1
6512,6513,1
6513,6583,-1
6513,6514,-1
6514,6584,-1
6514,6515,1
6515,6585,1
6515,6516,-1
6516,6586,-1
6516,6517,1
6517,6587,-1
6517,6518,1
6518,6588,-1
6518,6519,1
6519,6589,1
6519,6520,-1
6520,6590,-1
6520,6521,-1
6521,6591,1
6521,6522,-1
6522,6592,1
6522,6523,-1
6523,6593,1
6523,6524,1
6524,6594,-1
6524,6525,1
6525,6595,1
6525,6526,1
6526,6596,-1
6526,6527,-1
6527,6597,1
6527,6528,1
6528,6598,-1
6528,6529,1
6529,6599,-1
6529,6530,1
6530,6600,-1
6530,6531,1
6531,6601,1
6531,6532,-1
6532,6602,1
6532,6533,-1
6533,6603,-1
6533,6534,1
6534,6604,1
6534,6535,-1
6535,6605,-1
6535,6536,-1
6536,6606,-1
6536,6537,1
6537,6607,-1
6537,6538,-1
6538,6608,1
6538,6539,1
6539,6609,-1
6539,6540,-1
6540,6610,-1
6540,6541,1
6541,6611,-1
6541,6542,-1
6542,6612,1
6542,6543,1
6543,6613,1
6543,6544,1
6544,6614,-1
6544,6545,-1
6545,6615,-1
6545,6546,1
6546,6616,1
6546,6547,-1
6547,6617,-1
6547,6548,-1
6548,6618,-1
6548,6549,-1
6549,6619,1
6549,6550,1
6550,6620,1
6550,6551,1
6551,6621,1
6551,6552,-1
6552,6622,1
6552,6553,1
6553,6623,-1
6553,6554,-1
6554,6624,-1
6554,6555,-1
6555,6625,1
6555,6556,1
6556,6626,1
6556,6557,-1
6557,6627,1
6557,6558,1
6558,6628,-1
6558,6559,1
6559,6629,-1
6559,6560,-1
6560,6630,-1
6560,6561,1
6561,6631,1
6561,6562,-1
6562,6632,1
6562,6563,-1
6563,6633,-1
6563,6564,-1
6564,6634,-1
6564,6565,-1
6565,6635,-1
6565,6566,1
6566,6636,-1
6566,6567,1
6567,6637,-1
6567,6568,1
6568,6638,1
6568,6569,-1
6569,6639,1
6569,6570,-1
6570,6640,1
6570,6571,-1
6571,6641,-1
6571,6572,-1
6572,6642,-1
6572,6573,1
6573,6643,1
6573,6574,-1
6574,6644,-1
6574,6575,1
6575,6645,-1
6575,6576,-1
6576,6646,1
6576,6577,1
6577,6647,-1
6577,6578,-1
6578,6648,1
6578,6579,1
6579,6649,-1
6579,6580,1
6580,6650,-1
6581,6651,-1
6581,6650,1
6581,6582,1
6582,6652,-1
6582,6583,1
6583,6653,1
6583,6584,-1
6584,6654,-1
6584,6585,1
6585,6655,-1
6585,6586,1
6586,6656,-1
6586,6587,1
6587,6657,-1
6587,6588,-1
6588,6658,1
6588,6589,-1
6589,6659,1
6589,6590,1
6590,6660,-1
6590,6591,-1
6591,6661,-1
6591,6592,-1
6592,6662,1
6592,6593,1
6593,6663,-1
6593,6594,-1
6594,6664,-1
6594,6595,-1
6595,6665,1
6595,6596,1
6596,6666,-1
6596,6597,1
6597,6667,1
6597,6598,-1
6598,6668,1
6598,6599,-1
6599,6669,1
6599,6600,-1
6600,6670,1
6600,6601,1
6601,6671,-1
6601,6602,-1
6602,6672,-1
6602,6603,-1
6603,6673,-1
6603,6604,1
6604,6674,-1
6604,6605,1
6605,6675,1
6605,6606,-1
6606,6676,1
6606,6607,-1
6607,6677,-1
6607,6608,-1
6608,6678,-1
6608,6609,-1
6609,6679,1
6609,6610,1
6610,6680,1
6610,6611,-1
6611,6681,1
6611,6612,-1
6612,6682,-1
6612,6613,-1
6613,6683,-1
6613,6614,-1
6614,6684,1
6614,6615,-1
6615,6685,-1
6615,6616,-1
6616,6686,1
6616,6617,1
6617,6687,1
6617,6618,1
6618,6688,-1
6618,6619,-1
6619,6689,1
6619,6620,-1
6620,6690,1
6620,6621,-1
6621,6691,1
6621,6622,1
6622,6692,-1
6622,6623,1
6623,6693,1
6623,6624,1
6624,6694,1
6624,6625,-1
6625,6695,1
6625,6626,-1
6626,6696,1
6626,6627,1
6627,6697,-1
6627,6628,-1
6628,6698,-1
6628,6629,-1
6629,6699,1
6629,6630,1
6630,6700,1
6630,6631,-1
6631,6701,-1
6631,6632,-1
6632,6702,-1
6632,6633,-1
6633,6703,1
6633,6634,1
6634,6704,-1
6634,6635,-1
6635,6705,-1
6635,6636,1
6636,6706,-1
6636,6637,1
6637,6707,1
6637,6638,1
6638,6708,1
6638,6639,-1
6639,6709,-1
6639,6640,1
6640,6710,1
6640,6641,-1
6641,6711,1
6641,6642,1
6642,6712,1
6642,6643,-1
6643,6713,1
6643,6644,-1
6644,6714,1
6644,6645,1
6645,6715,1
6645,6646,-1
6646,6716,-1
6646,6647,-1
6647,6717,-1
6647,6648,-1
6648,6718,-1
6648,6649,-1
6649,6719,1
6649,6650,-1
6650,6720,1
6651,6721,1
6651,6720,1
6651,6652,1
6652,6722,-1
6652,6653,1
6653,6723,1
6653,6654,1
6654,6724,-1
6654,6655,1
6655,6725,-1
6655,6656,1
6656,6726,1
6656,6657,-1
6657,6727,1
6657,6658,1
6658,6728,-1
6658,6659,1
6659,6729,-1
6659,6660,1
6660,6730,-1
6660,6661,1
6661,6731,-1
6661,6662,-1
6662,6732,-1
6662,6663,-1
6663,6733,-1
6663,6664,-1
6664,6734,-1
6664,6665,-1
6665,6735,1
6665,6666,-1
6666,6736,1
6666,6667,1
6667,6737,-1
6667,6668,1
6668,6738,1
6668,6669,1
6669,6739,-1
6669,6670,-1
6670,6740,-1
6670,6671,1
6671,6741,-1
6671,6672,1
6672,6742,-1
6672,6673,-1
6673,6743,1
6673,6674,-1
6674,6744,-1
6674,6675,-1
6675,6745,1
6675,6676,-1
6676,6746,-1
6676,6677,1
6677,6747,-1
6677,6678,-1
6678,6748,1
6678,6679,1
6679,6749,1
6679,6680,-1
6680,6750,-1
6680,6681,-1
6681,6751,-1
6681,6682,-1
6682,6752,1
6682,6683,1
6683,6753,-1
6683,6684,1
6684,6754,-1
6684,6685,-1
6685,6755,1
6685,6686,1
6686,6756,-1
6686,6687,1
6687,6757,1
6687,6688,-1
6688,6758,-1
6688,6689,-1
6689,6759,-1
6689,6690,1
6690,6760,-1
6690,6691,-1
6691,6761,-1
6691,6692,-1
6692,6762,1
6692,6693,1
6693,6763,1
6693,6694,-1
6694,6764,-1
6694,6695,1
6695,6765,1
6695,6696,-1
6696,6766,-1
6696,6697,1
6697,6767,-1
6697,6698,1
6698,6768,1
6698,6699,1
6699,6769,-1
6699,6700,-1
6700,6770,1
6700,6701,-1
6701,6771,-1
6701,6702,1
6702,6772,-1
6702,6703,1
6703,6773,-1
6703,6704,1
6704,6774,-1
6704,6705,1
6705,6775,-1
6705,6706,-1
6706,6776,-1
6706,6707,1
6707,6777,-1
6707,6708,-1
6708,6778,1
6708,6709,1
6709,6779,1
6709,6710,-1
6710,6780,1
6710,6711,1
6711,6781,1
6711,6712,-1
6712,6782,1
6712,6713,1
6713,6783,1
6713,6714,-1
6714,6784,-1
6714,6715,-1
6715,6785,-1
6715,6716,1
6716,6786,1
6716,6717,1
6717,6787,-1
6717,6718,1
6718,6788,1
6718,6719,-1
6719,6789,-1
6719,6720,-1
6720,6790,1
6721,6791,1
6721,6790,1
6721,6722,1
6722,6792,-1
6722,6723,1
6723,6793,-1
6723,6724,-1
6724,6794,1
6724,6725,-1
6725,6795,-1
6725,6726,-1
6726,6796,1
6726,6727,1
6727,6797,-1
6727,6728,1
6728,6798,1
6728,6729,1
6729,6799,1
6729,6730,1
6730,6800,1
6730,6731,-1
6731,6801,-1
6731,6732,1
6732,6802,-1
6732,6733,1
6733,6803,-1
6733,6734,-1
6734,6804,1
6734,6735,1
6735,6805,-1
6735,6736,1
6736,6806,-1
6736,6737,-1
6737,6807,1
6737,6738,-1
6738,6808,-1
6738,6739,1
6739,6809,1
6739,6740,1
6740,6810,-1
6740,6741,1
6741,6811,1
6741,6742,-1
6742,6812,-1
6742,6743,-1
6743,6813,1
6743,6744,1
6744,6814,1
6744,6745,1
6745,6815,-1
6745,6746,-1
6746,6816,-1
6746,6747,1
6747,6817,-1
6747,6748,-1
6748,6818,1
6748,6749,1
6749,6819,1
6749,6750,1
6750,6820,1
6750,6751,-1
6751,6821,1
6751,6752,-1
6752,6822,1
6752,6753,-1
6753,6823,1
6753,6754,-1
6754,6824,-1
6754,6755,-1
6755,6825,-1
6755,6756,-1
6756,6826,-1
6756,6757,1
6757,6827,1
6757,6758,-1
6758,6828,1
6758,6759,-1
6759,6829,-1
6759,6760,-1
6760,6830,-1
6760,6761,1
6761,6831,1
6761,6762,1
6762,6832,-1
6762,6763,1
6763,6833,1
6763,6764,-1
6764,6834,1
6764,6765,-1
6765,6835,-1
6765,6766,-1
6766,6836,1
6766,6767,1
6767,6837,1
6767,6768,1
6768,6838,-1
6768,6769,-1
6769,6839,-1
6769,6770,1
6770,6840,1
6770,6771,-1
6771,6841,1
6771,6772,-1
6772,6842,1
6772,6773,1
6773,6843,1
6773,6774,-1
6774,6844,1
6774,6775,1
6775,6845,-1
6775,6776,-1
6776,6846,1
6776,6777,1
6777,6847,-1
6777,6778,-1
6778,6848,-1
6778,6779,-1
6779,6849,-1
6779,6780,1
6780,6850,1
6780,6781,1
6781,6851,-1
6781,6782,1
6782,6852,1
6782,6783,1
6783,6853,-1
6783,6784,1
6784,6854,-1
6784,6785,1
6785,6855,1
6785,6786,-1
6786,6856,-1
6786,6787,-1
6787,6857,1
6787,6788,1
6788,6858,1
6788,6789,-1
6789,6859,-1
6789,6790,1
6790,6860,-1
6791,6861,1
6791,6860,-1
6791,6792,1
6792,6862,-1
6792,6793,1
6793,6863,-1
6793,6794,-1
6794,6864,-1
6794,6795,1
6795,6865,1
6795,6796,1
6796,6866,1
6796,6797,-1
6797,6867,1
6797,6798,1
6798,6868,-1
6798,6799,-1
6799,6869,1
6799,6800,1
6800,6870,-1
6800,6801,1
6801,6871,1
6801,6802,1
6802,6872,1
6802,6803,-1
6803,6873,-1
6803,6804,-1
6804,6874,-1
6804,6805,1
6805,6875,-1
6805,6806,1
6806,6876,1
6806,6807,-1
6807,6877,-1
6807,6808,1
6808,6878,1
6808,6809,-1
6809,6879,-1
6809,6810,-1
6810,6880,-1
6810,6811,1
6811,6881,1
6811,6812,-1
6812,6882,1
6812,6813,-1
6813,6883,1
6813,6814,1
6814,6884,-1
6814,6815,-1
6815,6885,1
6815,6816,-1
6816,6886,-1
6816,6817,1
6817,6887,-1
6817,6818,1
6818,6888,-1
6818,6819,1
6819,6889,-1
6819,6820,-1
6820,6890,-1
6820,6821,1
6821,6891,1
6821,6822,-1
6822,6892,1
6822,6823,-1
6823,6893,-1
6823,6824,1
6824,6894,-1
6824,6825,1
6825,6895,1
6825,6826,1
6826,6896,-1
6826,6827,1
6827,6897,-1
6827,6828,1
6828,6898,-1
6828,6829,1
6829,6899,1
6829,6830,1
6830,6900,1
6830,6831,1
6831,6901,1
6831,6832,-1
6832,6902,1
6832,6833,1
6833,6903,1
6833,6834,-1
6834,6904,-1
6834,6835,1
6835,6905,1
6835,6836,-1
6836,6906,-1
6836,6837,-1
6837,6907,-1
6837,6838,1
6838,6908,-1
6838,6839,-1
6839,6909,1
6839,6840,1
6840,6910,-1
6840,6841,-1
6841,6911,-1
6841,6842,-1
6842,6912,1
6842,6843,1
6843,6913,-1
6843,6844,-1
6844,6914,1
6844,6845,-1
6845,6915,-1
6845,6846,1
6846,6916,1
6846,6847,1
6847,6917,-1
6847,6848,-1
6848,6918,-1
6848,6849,1
6849,6919,-1
6849,6850,-1
6850,6920,1
6850,6851,1
6851,6921,1
6851,6852,1
6852,6922,-1
6852,6853,1
6853,6923,1
6853,6854,-1
6854,6924,1
6854,6855,-1
6855,6925,-1
6855,6856,-1
6856,6926,-1
6856,6857,-1
6857,6927,1
6857,6858,1
6858,6928,-1
6858,6859,1
6859,6929,-1
6859,6860,-1
6860,6930,1
6861,6931,-1
6861,6930,-1
6861,6862,1
6862,6932,1
6862,6863,1
6863,6933,-1
6863,6864,1
6864,6934,1
6864,6865,-1
6865,6935,-1
6865,6866,-1
6866,6936,-1
6866,6867,-1
6867,6937,1
6867,6868,-1
6868,6938,1
6868,6869,1
6869,6939,1
6869,6870,1
6870,6940,-1
6870,6871,-1
6871,6941,-1
6871,6872,1
6872,6942,-1
6872,6873,1
6873,6943,1
6873,6874,-1
6874,6944,-1
6874,6875,-1
6875,6945,1
6875,6876,1
6876,6946,1
6876,6877,1
6877,6947,-1
6877,6878,1
6878,6948,-1
6878,6879,1
6879,6949,-1
6879,6880,-1
6880,6950,1
6880,6881,1
6881,6951,1
6881,6882,-1
6882,6952,1
6882,6883,-1
6883,6953,-1
6883,6884,-1
6884,6954,-1
6884,6885,1
6885,6955,-1
6885,6886,1
6886,6956,1
6886,6887,-1
6887,6957,1
6887,6888,1
6888,6958,-1
6888,6889,1
6889,6959,-1
6889,6890,-1
6890,6960,1
6890,6891,-1
6891,6961,1
6891,6892,-1
6892,6962,-1
6892,6893,-1
6893,6963,1
6893,6894,1
6894,6964,1
6894,6895,-1
6895,6965,1
6895,6896,1
6896,6966,-1
6896,6897,-1
6897,6967,-1
6897,6898,1
6898,6968,-1
6898,6899,-1
6899,6969,-1
6899,6900,1
6900,6970,1
6900,6901,-1
6901,6971,1
6901,6902,1
6902,6972,-1
6902,6903,1
6903,6973,-1
6903,6904,-1
6904,6974,1
6904,6905,-1
6905,6975,1
6905,6906,1
6906,6976,-1
6906,6907,-1
6907,6977,1
6907,6908,-1
6908,6978,1
6908,6909,1
6909,6979,1
6909,6910,1
6910,6980,-1
6910,6911,-1
6911,6981,1
6911,6912,1
6912,6982,-1
6912,6913,1
6913,6983,1
6913,6914,1
6914,6984,-1
6914,6915,-1
6915,6985,1
6915,6916,1
6916,6986,-1
6916,6917,-1
6917,6987,-1
6917,6918,1
6918,6988,1
6918,6919,-1
6919,6989,1
6919,6920,1
6920,6990,-1
6920,6921,-1
6921,6991,1
6921,6922,-1
6922,6992,-1
6922,6923,1
6923,6993,1
6923,6924,1
6924,6994,-1
6924,6925,1
6925,6995,-1
6925,6926,-1
6926,6996,1
6926,6927,-1
6927,6997,-1
6927,6928,1
6928,6998,1
6928,6929,1
6929,6999,-1
6929,6930,-1
6930,7000,1
6931,7000,-1
6931,6932,-1
6932,6933,1
6933,6934,1
6934,6935,-1
6935,6936,-1
6936,6937,-1
6937,6938,-1
6938,6939,-1
6939,6940,-1
6940,6941,1
6941,6942,-1
6942,6943,1
6943,6944,1
6944,6945,-1
6945,6946,1
6946,6947,-1
6947,6948,1
6948,6949,-1
6949,6950,1
6950,6951,-1
6951,6952,1
6952,6953,-1
6953,6954,-1
6954,6955,-1
6955,6956,-1
6956,6957,-1
6957,6958,1
6958,6959,1
6959,6960,1
6960,6961,-1
6961,6962,-1
6962,6963,1
6963,6964,-1
6964,6965,-1
6965,6966,1
6966,6967,-1
6967,6968,-1
6968,6969,-1
6969,6970,-1
6970,6971,-1
6971,6972,1
6972,6973,1
6973,6974,-1
6974,6975,1
6975,6976,-1
6976,6977,1
6977,6978,1
6978,6979,-1
6979,6980,1
6980,6981,1
6981,6982,1
6982,6983,1
6983,6984,1
6984,6985,1
6985,6986,-1
6986,6987,1
6987,6988,-1
6988,6989,1
6989,6990,1
6990,6991,1
6991,6992,1
6992,6993,-1
6993,6994,1
6994,6995,1
6995,6996,-1
6996,6997,1
6997,6998,1
6998,6999,1
6999,7000,-1
